0;0;423951589;423956653
1;0;180188102;180192592
2;0;508244672;508249022
3;0;307525732;307530370
4;0;8612621;8615184
0;0;2804203;2806518
1;0;7988104;7990499
2;0;104611313;104615908
3;0;140055782;140060676
4;0;3328266;3330473
0;0;2552962;2554917
1;0;7287642;7289964
2;0;89187555;89192557
3;0;136002163;136006940
4;0;3065702;3067874
0;0;2230020;2232135
1;0;6924754;6926951
2;0;89425243;89429960
3;0;134277486;134282150
4;0;2922615;2924615
0;0;2160954;2163048
1;0;6885304;6887570
2;0;76746947;76751999
3;0;154894836;154899509
4;0;2923975;2926128
