0;0;1013580248;1013585635
1;0;70240107;70244464
2;0;1214031634;1214036794
3;0;228965284;228970072
4;0;35680047;35683856
5;0;1097000117;1097004513
6;0;149080127;149084501
7;0;35180423;35185526
8;0;293154088;293158645
9;0;28738165;28741869
10;0;36038264;36042916
11;0;24573030;24577072
12;0;19422428;19425420
13;0;75433654;75438371
14;0;37110015;37114445
15;0;141071206;141075556
16;0;67225566;67230363
17;0;776642795;776647988
18;0;176205342;176210191
19;0;67068209;67072926
20;0;35206318;35210615
21;0;40509992;40514267
22;0;40117916;40122086
23;0;74563972;74568389
24;0;60740534;60744777
25;0;32969142;32972547
26;0;75122819;75127824
27;0;47731772;47736191
28;0;47564316;47568191
29;0;25720604;25724816
30;0;56993288;56997841
31;0;34028220;34031848
32;0;67661332;67665457
33;0;28438784;28442643
34;0;66524335;66529382
35;0;159063999;159068383
36;0;115937042;115941816
37;0;119538686;119543319
38;0;113370104;113374921
39;0;115933156;115937729
40;0;33494592;33498195
41;0;75009391;75013120
42;0;37345506;37349894
43;0;4937131828;4937137151
44;0;58568695;58573440
45;0;173866822;173872589
46;0;34260826;34264779
47;0;33833193;33837793
48;0;548589576;548595081
49;0;72810797;72816256
