0;0;384026681;384031462
1;0;139796277;139801412
2;0;114915144;114919857
3;0;60293013;60297712
4;0;13865701;13869645
5;0;18197407;18201381
6;0;38056531;38060648
7;0;16985110;16989164
8;0;17040843;17043732
9;0;14281723;14284932
10;0;20384174;20388614
11;0;28723548;28728144
12;0;14964672;14968531
13;0;32152734;32157266
14;0;8515310;8517993
15;0;13416931;13420888
16;0;41985063;41990048
17;0;87244890;87249815
18;0;32915631;32919682
19;0;23217670;23222133
20;0;8144542;8147095
21;0;11449532;11452115
22;0;19981171;19984715
23;0;24225686;24229677
24;0;15014043;15016739
25;0;10355002;10357564
26;0;180829549;180834387
27;1;23878780;25980728
28;0;20108202;20111948
29;0;27643195;27646934
30;0;19209908;19212732
31;0;13936678;13939384
32;0;13813178;13815873
33;0;25743183;25747042
34;0;7609273;7611796
35;0;9966994;9969526
36;0;11558835;11561616
37;0;16302603;16305438
38;0;33145746;33149566
39;0;32427077;32432572
40;0;17774813;17778291
41;0;58715457;58720111
42;0;28903730;28914085
43;0;12057288;12059737
44;452;3075565;173649715
45;0;13111363;13112600
46;0;16389648;16390942
47;0;47570209;47571966
48;0;21182687;21184633
49;0;12053742;12054843
