0;0;1038172688;1038177547
1;0;44105581;44110028
2;0;23606387;23609791
3;0;123345344;123350318
4;0;6980497;6982883
0;0;92034368;92039062
1;0;12276596;12280378
2;0;6216287;6218570
3;0;92841207;92846019
4;0;5634688;5636966
0;0;68799339;68804070
1;0;9813244;9815498
2;0;5099973;5102194
3;0;68069614;68073826
4;0;5234571;5236735
0;0;75811843;75816980
1;0;10142908;10145228
2;0;5020876;5023171
3;0;67470463;67475077
4;0;4956940;4959088
0;0;66873696;66878445
1;0;9323092;9325807
2;0;4525453;4527693
3;0;74767844;74772844
4;0;4770492;4772584
