0;0;490279604;490301378
1;0;8245830770;8245836170
2;0;2203795816;2203800418
3;0;77234615;77239147
4;0;3692455;3695116
0;0;8894399;8896869
1;0;7542234296;7542239220
2;0;2322738968;2322744302
3;0;33079092;33081951
4;0;2652849;2655353
0;0;6082064;6084648
1;0;7351462433;7351466844
2;0;2066204216;2066209152
3;0;33365312;33369192
4;0;2692014;2694551
0;0;4465352;4467775
1;0;7655223860;7655229189
2;0;2060814498;2060819126
3;0;31570036;31574087
4;0;2607603;2610120
0;0;3926609;3929246
1;0;7364532062;7364536931
2;0;2131125380;2131130401
3;0;29904759;29913707
4;0;2424769;2427239
