0;0;532964473;532969772
1;0;136054234;136059092
2;0;62147601;62152905
3;0;76309467;76314687
4;0;53567982;53572585
5;0;72218981;72224093
6;0;1206621816;1206627602
7;0;65095979;65101649
8;0;59733087;59737936
9;0;368711054;368716289
10;0;57992122;57997120
11;0;89303603;89308906
12;0;40962126;40967190
13;0;80285137;80289834
14;0;62072112;62076783
15;0;74327610;74333067
16;0;57900646;57905091
17;0;202760151;202765687
18;0;250435323;250440825
19;0;57656507;57661531
20;0;112340099;112345397
21;0;46891348;46895562
22;0;56315972;56320829
23;0;43975708;43980407
24;0;36116037;36120444
25;0;36721656;36725652
26;0;44481951;44486227
27;0;105354910;105360653
28;0;35293816;35297896
29;0;43496206;43500420
30;0;37092963;37097589
31;0;32021449;32025710
32;0;62721084;62726601
33;0;35224694;35228722
34;0;117684019;117688805
35;0;25704369;25709294
36;0;428149221;428155447
37;0;1201931804;1201937238
38;0;137995501;138000005
39;0;80495488;80500038
40;0;111089275;111093887
41;0;450167599;450172842
42;0;33316731;33321808
43;0;78838281;78842956
44;0;46902796;46907735
45;0;44137824;44142951
46;0;35749202;35754407
47;0;243830457;243843918
48;0;188579056;188584703
49;0;32489702;32494040
0;0;39476421;39480160
1;0;29409763;29414379
2;0;31179402;31183609
3;0;26413670;26417938
4;0;25205952;25209806
5;0;42770825;42775333
6;0;38790508;38795235
7;0;38991068;38995080
8;0;35827737;35832173
9;0;213681306;213686224
10;0;35752395;35757363
11;0;23546987;23550298
12;0;25511333;25514496
13;0;44825732;44837782
14;0;43681206;43685719
15;0;33536586;33541186
16;0;46763453;46767584
17;0;64490098;64494145
18;0;29935190;29939369
19;0;26310608;26314177
20;0;66183142;66188010
21;0;29994186;29998362
22;0;31899766;31903693
23;0;39004184;39008674
24;0;23676381;23680755
25;0;28757239;28761477
26;0;37489710;37493896
27;0;36288498;36299035
28;0;25295902;25299486
29;0;28009859;28012957
30;0;31308635;31312428
31;0;25813660;25817197
32;0;36371084;36375383
33;0;29660961;29665069
34;0;72746132;72750547
35;0;22608574;22612231
36;0;43970256;43975042
37;0;349753697;349758853
38;0;72048473;72052894
39;0;70475673;70480118
40;0;100054186;100058261
41;0;407282955;407287832
42;0;31874462;31878949
43;0;43215214;43219012
44;0;44849651;44853655
45;0;44727213;44731949
46;0;33454228;33458254
47;0;38723767;38728156
48;0;45545841;45550130
49;0;28120859;28124523
0;0;37768548;37772781
1;0;29193258;29197348
2;0;30770841;30775159
3;0;26332176;26335764
4;0;24806654;24809732
5;0;43798779;43803809
6;0;38646099;38651111
7;0;38622317;38626929
8;0;35903252;35907650
9;0;214341912;214346357
10;0;35645172;35649495
11;0;23166530;23170752
12;0;25066605;25070601
13;0;43725250;43729664
14;0;44210075;44214540
15;0;32025795;32029877
16;0;46727873;46732473
17;0;64202683;64207476
18;0;29815733;29820187
19;0;28215090;28218636
20;0;66471331;66475329
21;0;29776203;29779850
22;0;30403132;30407433
23;0;38850327;38854379
24;0;23795461;23799734
25;0;28765420;28769413
26;0;38436362;38441045
27;0;37185714;37193608
28;0;24965784;24969760
29;0;28138866;28142089
30;0;31524826;31528676
31;0;25776758;25780353
32;0;34784014;34788236
33;0;30946667;30950189
34;0;73093785;73098251
35;0;22591271;22593833
36;0;44531563;44536255
37;0;348754043;348758589
38;0;69932298;69936548
39;0;70194722;70199809
40;0;101315989;101320841
41;0;409348869;409354031
42;0;31526113;31530426
43;0;43051868;43056501
44;0;45808722;45813256
45;0;44333240;44337334
46;0;33239717;33243872
47;0;37382952;37387705
48;0;46867058;46871183
49;0;28316344;28319476
0;0;37763275;37766870
1;0;29031199;29035082
2;0;31000679;31005100
3;0;26096943;26101004
4;0;25793496;25796496
5;0;42230080;42234426
6;0;38475712;38480128
7;0;38865991;38869918
8;0;36168645;36172890
9;0;215630849;215635498
10;0;36135483;36139662
11;0;22884963;22888264
12;0;24887890;24891452
13;0;43425643;43429279
14;0;44240538;44245117
15;0;31915401;31919759
16;0;46745189;46749410
17;0;65133631;65137708
18;0;31042068;31045872
19;0;26366022;26369309
20;0;66501147;66504912
21;0;29903169;29907317
22;0;30498707;30502827
23;0;40291179;40295443
24;0;23775163;23778664
25;0;28596189;28599436
26;0;36976940;36981495
27;0;36926354;36930712
28;0;24741365;24744795
29;0;27766978;27771512
30;0;31084373;31089197
31;0;25406769;25410778
32;0;34549876;34554360
33;0;31147366;31151983
34;0;72657608;72662238
35;0;22320091;22323470
36;0;43967830;43971859
37;0;350706968;350712550
38;0;70823331;70827651
39;0;80079614;80085289
40;0;103978097;103982749
41;0;437624760;437636645
42;0;32824874;32840662
43;0;43250317;43253437
44;0;44466845;44469735
45;0;45868551;45871855
46;0;32608438;32611144
47;0;36908680;36911052
48;0;46979531;46982550
49;0;28440900;28443486
0;0;37267196;37270401
1;0;28894423;28896618
2;0;31777978;31780632
3;0;26114779;26117657
4;0;24419588;24421966
5;0;42137487;42140092
6;0;40273226;40276076
7;0;38463684;38467265
8;0;35650697;35654035
9;0;216251039;216254528
10;0;36089641;36092239
11;0;22808443;22810927
12;0;26313829;26316067
13;0;43694717;43697569
14;0;42814696;42817545
15;0;33443845;33447391
16;0;46659381;46662026
17;0;65767805;65770673
18;0;29593397;29596328
19;0;26192460;26194839
20;0;68208429;68211422
21;0;29567549;29570102
22;0;30191991;30194967
23;0;40256560;40259325
24;0;23484223;23486294
25;0;28890986;28893315
26;0;36850161;36852883
27;0;37069422;37072567
28;0;24775866;24777934
29;0;27662493;27664823
30;0;30933006;30935096
31;0;26642528;26644415
32;0;34268240;34271035
33;0;29821830;29824371
34;0;74198118;74201188
35;0;22192430;22194625
36;0;44262562;44265673
37;0;358716619;358719966
38;0;74351754;74354641
39;0;71605300;71608098
40;0;101179835;101182859
41;0;432592117;432595381
42;0;31344630;31347082
43;0;44471718;44475492
44;0;44609928;44612528
45;0;43692521;43695372
46;0;42450820;42453881
47;0;38640602;38643475
48;0;48048945;48052320
49;0;35436991;35439231
