0;0;509643302;509648528
1;0;294435289;294439840
2;3768;19857615;6614259255
3;0;52711848;52714083
4;153;16150282;207806397
5;0;43607793;43609811
6;0;2126873014;2126875237
7;1065;4443377;903729793
8;25;16205294;117924247
9;0;33043516;33045413
10;28;34944679;209465878
11;0;55741894;55744108
12;0;65493817;65496441
13;19;3162713;395715726
14;887;3190846;233276910
15;0;64547513;64549572
16;0;131206320;131208336
17;0;78534286;78536077
18;0;114278490;114280458
19;0;67718571;67720218
20;0;56145321;56147074
21;0;169045004;169047101
22;0;87380009;87381897
23;0;67604419;67606047
24;0;35882963;35884572
25;2;21334058;119777576
26;12;15777968;150805001
27;0;423511307;423513359
28;0;191323419;191326004
29;395;21799753;413786759
30;0;449534537;449536792
31;0;104193112;104194627
32;0;38996415;38997947
33;5;15261406;195839189
34;28;18151291;404013051
35;0;43487532;43489099
36;0;32684499;32686212
37;0;109816780;109818554
38;0;161486834;161488377
39;0;216436423;216438673
40;0;29698567;29700179
41;0;23232169;23233374
42;272;58494675;969808258
43;69;19697063;204058469
44;0;105086941;105088463
45;0;128179795;128181673
46;0;245499821;245501901
47;0;50519077;50520705
48;0;26320388;26321717
49;0;144975206;144977142
0;0;39698419;39699803
1;0;83372995;83374548
2;3768;1936840;142311235
3;0;29024728;29026594
4;153;1897790;41027043
5;0;28580807;28582739
6;0;138180134;138181663
7;1065;2058214;114287511
8;25;2187854;32174502
9;0;26375772;26377529
10;28;22756149;140819308
11;0;38210270;38211966
12;0;56239340;56240737
13;19;2756063;70648488
14;887;1934447;52486505
15;0;41088389;41089810
16;0;111864979;111866932
17;0;63081488;63083283
18;0;34308041;34309709
19;0;47777750;47779454
20;0;26187081;26188655
21;0;154248408;154250323
22;0;81573396;81574891
23;0;60896061;60897609
24;0;30957194;30958706
25;2;3369008;41378046
26;12;11671803;114264662
27;0;71831394;71833098
28;0;39070429;39072478
29;395;1820997;138838594
30;0;196521459;196523076
31;0;69570511;69572181
32;0;35669896;35671588
33;5;6601754;92985043
34;28;2921919;134765936
35;0;35209841;35211180
36;0;31186691;31188237
37;0;46665670;46667456
38;0;144585881;144587575
39;0;141681092;141682787
40;0;28614296;28616322
41;0;21766638;21767885
42;272;3221095;219387100
43;69;2765877;51221031
44;0;95007438;95009179
45;0;97212292;97213782
46;0;101860470;101861997
47;0;44826379;44828102
48;0;30648607;30649872
49;0;148281667;148283110
0;0;39008593;39009979
1;0;83147361;83148924
2;3768;1557359;146829531
3;0;32277684;32295182
4;153;1537526;40992661
5;0;26467075;26467704
6;0;140638079;140639037
7;1065;1729032;114464773
8;25;1677510;35151488
9;0;30380685;30381426
10;28;23319144;142108816
11;0;45873013;45873707
12;0;65235887;65236658
13;19;1718806;67702092
14;887;1333357;53564022
15;0;41156079;41156881
16;0;112051254;112052059
17;0;72998007;72998513
18;0;36068230;36068907
19;0;47665401;47665947
20;0;26035486;26036215
21;0;157614920;157615722
22;0;78950651;78951258
23;0;60783442;60784366
24;0;30815149;30815838
25;2;3071351;41343042
26;12;11386269;113733289
27;0;74491344;74491878
28;0;39545284;39545835
29;395;1280495;138440423
30;0;196288082;196288703
31;0;69377895;69378493
32;0;35408211;35408986
33;5;6264306;94428413
34;28;2623009;120376128
35;0;34751704;34752662
36;0;30898549;30899149
37;0;48390477;48390983
38;0;144497018;144497550
39;0;141556685;141557141
40;0;28388016;28389035
41;0;21675375;21676288
42;272;2917190;216686355
43;69;2462964;52519098
44;0;95087460;95088100
45;0;96797996;96798716
46;0;102960165;102960768
47;0;39031295;39031944
48;0;24809996;24810627
49;0;149401874;149402493
0;0;37023220;37050740
1;0;85021850;85040848
2;3768;1250005;138566640
3;0;29963180;29963693
4;153;1177548;40327462
5;0;26057020;26057533
6;0;140841962;140842362
7;1065;1368652;113809211
8;25;1447848;31143123
9;0;25713502;25714059
10;28;22422473;142743790
11;0;38070125;38070751
12;0;58002120;58002663
13;19;1529747;67724723
14;887;1233954;53421032
15;0;41024620;41025220
16;0;114154708;114155365
17;0;62151765;62152329
18;0;34045871;34046420
19;0;48753252;48753708
20;0;26266342;26267486
21;0;156497623;156498143
22;0;77707435;77707901
23;0;61714832;61715237
24;0;30423329;30423781
25;2;2830037;40978288
26;12;11109922;113364998
27;0;73102007;73102346
28;0;38940544;38941156
29;395;1232918;138127455
30;0;197055611;197056157
31;0;73656574;73656990
32;0;36579393;36579971
33;5;6342523;102108777
34;28;2977283;122159217
35;0;34839551;34839984
36;0;30885450;30886003
37;0;47591542;47591973
38;0;143674875;143675430
39;0;141122704;141123413
40;0;29809868;29810210
41;0;21675280;21675697
42;272;2811376;216899734
43;69;2311450;50829593
44;0;105045829;105046326
45;0;102862569;102863221
46;0;105272303;105272844
47;0;40325741;40326257
48;0;24671586;24671883
49;0;147665326;147665907
0;0;38441990;38442315
1;0;83298739;83299247
2;3768;1175729;139942363
3;0;29871890;29872220
4;153;1108099;40286486
5;0;26101625;26101926
6;0;141208917;141209698
7;1065;1285841;115387558
8;25;1325502;29392588
9;0;25415814;25416555
10;28;22054618;142184604
11;0;39398785;39399131
12;0;56398205;56398747
13;19;1486629;69338894
14;887;1203822;52197095
15;0;40583087;40583555
16;0;113745649;113745974
17;0;61935517;61936030
18;0;33952872;33953361
19;0;47441919;47442341
20;0;27087206;27087646
21;0;147049139;147049690
22;0;80281957;80282415
23;0;66632772;66633162
24;0;30442941;30443362
25;2;2802931;47740851
26;12;10979696;111458706
27;0;82806003;82806420
28;0;38849871;38850365
29;395;1125224;138430149
30;0;203185385;203185703
31;0;71135181;71135562
32;0;35308418;35308886
33;5;6180499;93156352
34;28;2455996;132192425
35;0;34540063;34540484
36;0;30695883;30696332
37;0;46033874;46034285
38;0;144097978;144098488
39;0;141472475;141472785
40;0;28241449;28241790
41;0;21423986;21424306
42;272;2628356;217337116
43;69;2295334;50917630
44;0;96569308;96569726
45;0;96443585;96444072
46;0;101464284;101464813
47;0;38965128;38965601
48;0;24569170;24569659
49;0;147624153;147624553
