0;0;450317647;450322647
1;0;201118242;201124159
2;0;240583635;240589033
3;0;187725426;187731084
4;0;28088040;28091889
5;0;769889836;769895968
6;0;32853506;32857266
7;0;37603575;37607312
8;0;154001143;154006505
9;0;134946904;134952384
10;0;49048061;49052132
11;0;83911065;83915703
12;0;75475897;75480544
13;0;105428775;105434015
14;0;125588761;125595061
15;0;34763234;34767806
16;0;52736746;52741565
17;0;59409509;59414297
18;0;150033209;150038506
19;0;74255379;74259991
20;0;49525870;49531042
21;0;49049233;49053911
22;0;81574688;81581368
23;0;69258936;69263491
24;0;135660014;135664717
25;0;172789034;172793587
26;0;89994669;89999538
27;0;60169987;60174742
28;0;31250922;31254386
29;0;44833691;44838637
30;0;435528698;435534289
31;0;353906233;353911664
32;0;153066322;153071760
33;0;51513064;51517993
34;0;26607319;26611289
35;0;638285035;638289998
36;0;1232579247;1232584947
37;0;38778803;38782803
38;0;311639939;311645485
39;0;30203865;30208700
40;0;64407931;64411938
41;0;1399208730;1399214567
42;0;30524922;30529861
43;0;104771470;104776215
44;0;359843246;359848832
45;0;28905891;28909264
46;0;24594980;24598489
47;0;464413127;464419244
48;0;269480072;269485909
49;0;33651124;33655192
