0;0;445881257;445885867
1;0;32221137;32224092
2;0;678543932;678548828
3;0;2360483574;2360488589
4;0;6554623;6557265
0;0;7359348;7361753
1;0;8937516;8939935
2;0;241756170;241761309
3;0;1996002010;1996006879
4;0;4814076;4816429
0;0;3819844;3822121
1;0;4897283;4900017
2;0;146459680;146464235
3;0;1839565798;1839570222
4;0;4366879;4369415
0;0;3821427;3823846
1;0;4618388;4620948
2;0;185400250;185404502
3;0;2016415559;2016420486
4;0;4027270;4029609
0;0;3455873;3458146
1;0;3880143;3882394
2;0;146970498;146975495
3;0;1814759816;1814764819
4;0;3540079;3542502
