0;0;580930206;580935258
1;0;3150267227;3150272443
2;0;2389141601;2389146095
3;0;10428800154;10428805891
4;0;943325493;943329748
0;0;2989115;2992262
1;0;8879586;8882521
2;0;5707847;5710870
3;0;26580322;26584075
4;0;5861761;5864386
0;0;2157224;2159584
1;0;6321134;6323529
2;0;32039875;32045066
3;0;21484332;21488181
4;0;4990275;4992922
0;0;2042649;2045364
1;0;5307569;5310278
2;0;3885275;3887818
3;0;16345411;16348133
4;0;3995734;3998047
0;0;1738223;1740435
1;0;4447260;4449542
2;0;3147427;3149819
3;0;14618473;14620864
4;0;3661605;3663943
