0;0;8028747281;8028753364
1;0;112008730;112012257
2;0;511531669;511535525
3;0;6271928293;6271934189
4;0;1827750886;1827756766
0;0;63109808;63114883
1;0;3339811;3342233
2;0;3635412;3638000
3;0;15871589;15875029
4;0;8827131;8830258
0;0;24365551;24369739
1;0;2996744;2998913
2;0;2965643;2967860
3;0;13843513;13846939
4;0;8206424;8208640
0;0;21967167;21971102
1;0;2660965;2663035
2;0;2801539;2803826
3;0;12950224;12953688
4;0;7778525;7781146
0;0;21123985;21128145
1;0;2661998;2664108
2;0;2679000;2681061
3;0;12303880;12306873
4;0;7332921;7335093
