0;0;448938102;448943013
1;0;179666480;179671398
2;0;143224045;143228264
3;0;286980092;286985207
4;5;37185954;76701000
5;0;199675620;199680234
6;0;324071777;324076375
7;0;58429087;58433026
8;0;61958614;61963104
9;0;54436597;54440983
10;0;76831957;76836475
11;0;63990233;63994532
12;0;142410926;142415258
13;0;76221554;76225723
14;0;5668836060;5668841950
15;0;575983712;575988397
16;0;46599327;46604284
17;8;20451896;52039602
18;0;31807085;31811476
19;0;103633438;103638668
20;0;32767013;32771022
21;37;3072759;69771013
22;0;88311053;88315684
23;0;5251321697;5251326464
24;3;7293216;44643876
25;1236;2536219;685463266
26;10243;2783209;1521904142
27;0;113084022;113086302
28;983;2531638;512545884
29;0;39960338;39962362
30;0;73807066;73808784
31;0;35879757;35881374
32;0;42611497;42613382
33;69371;2163378;1077009966
34;0;129974363;129997139
35;0;862939964;862940696
36;0;44844853;44845641
37;311;60376591;1150262198
38;0;33269820;33270552
39;1458;5218901;4114980116
40;0;106418819;106419619
41;0;30913100;30913963
42;66825;2379828;912339855
43;0;86071464;86081794
44;783;2329176;226523425
45;0;29809849;29810595
46;139;14623964;305276005
47;171;3679992;109790568
48;1;39261957;51501438
49;380;2335810;242690098
