0;0;479628746;479633280
1;0;2725752599;2725758103
2;0;9827477;9830006
3;0;53517153;53520788
4;0;10162770;10165247
0;0;5660373;5662707
1;0;2039553802;2039558717
2;0;4179261;4181692
3;0;13739178;13741630
4;0;5511139;5513739
0;0;3725335;3727516
1;0;1806556005;1806561184
2;0;3403830;3405910
3;0;12707704;12710009
4;0;4988867;4990964
0;0;3564189;3566462
1;0;2069355212;2069360015
2;0;3377871;3380184
3;0;12316883;12319262
4;0;4732360;4734591
0;0;3370866;3373047
1;0;1811336538;1811341162
2;0;3190938;3193222
3;0;12141720;12144219
4;0;4607518;4609854
