0;0;532662924;532668131
1;0;82489314;82494288
2;0;69040037;69044715
3;2;26349475;39148512
4;0;18999536;19003675
5;0;19598521;19601204
6;0;12363950;12371143
7;0;12817631;12820615
8;0;25904029;25907951
9;0;10966194;10969165
10;0;18661627;18664832
11;29;2911955;21819721
12;0;82705444;82710228
13;0;11609416;11612847
14;0;11444557;11448390
15;0;19382088;19386217
16;0;18691284;18695373
17;2;5810340;9105639
18;0;84694955;84699736
19;0;673816228;673821796
20;2;537654157;790730508
21;109;2951169;60526357
22;0;36212451;36217317
23;0;12387246;12390004
24;0;11031817;11034514
25;0;19477069;19480156
26;0;87405419;87410280
27;1;6016503;17597216
28;1;3318828;10743264
29;0;36983547;36987521
30;0;9377491;9380013
31;0;16607919;16610688
32;0;7475237;7477917
33;0;10229896;10232555
34;0;25614755;25618661
35;0;12510978;12513668
36;7;2075508;55111536
37;0;15173739;15191772
38;30;7030150;43921904
39;68;2389057;24755071
40;0;12818102;12819391
41;0;6966385;6967462
42;0;15930240;15931697
43;0;8031900;8032944
44;0;25064919;25066531
45;0;6539970;6546542
46;0;34097598;34099509
47;0;91844708;91846534
48;0;25742637;25744035
49;0;22116427;22117775
