0;0;1745115407;1745121358
1;0;395618986;395624323
2;0;85104930;85109907
3;151;33537651;524779442
4;0;263206746;263212489
5;0;62192718;62197478
6;0;38661822;38665686
7;0;172784194;172789649
8;0;205528602;205532950
9;0;36212859;36217153
10;0;30628428;30633051
11;0;54469284;54473891
12;0;588067444;588072853
13;20;154317543;651447270
14;149;3892442;612726289
15;0;389805835;389809144
16;4;97091039;1459025199
17;0;776966763;776970023
18;0;63518532;63521141
19;7;47393788;305807141
20;0;3009414208;3009417431
21;0;55414914;55417236
22;0;703923642;703926912
23;0;132170124;132172806
24;0;33215463;33218089
25;0;82626046;82628792
26;0;25687642;25689312
27;0;24525697;24527890
28;0;43971964;43993131
29;0;55343246;55345862
30;0;1366606709;1366608822
31;0;37438883;37440690
32;0;1348719654;1348721701
33;44;219582494;2233724698
34;0;146334534;146336282
35;7340;13337031;1600217446
36;0;270225709;270227403
37;13;12652333;59747883
38;0;254375872;254378232
39;0;334523703;334525527
40;0;211805147;211806967
41;0;12844669616;12844672026
42;0;47436037;47437980
43;0;61178729;61180536
44;0;67768481;67770011
45;0;149972534;149975026
46;0;271576948;271578678
47;329;27758051;292235097
48;0;149405909;149407638
49;1;33029277;48067882
