0;0;463895841;463900213
1;0;68971238;68975329
2;0;28896429;28900420
3;0;61520845;61524864
4;0;7821383;7823894
0;0;6581800;6584364
1;0;9563693;9568062
2;0;5395901;5398637
3;0;17189790;17193580
4;0;4460609;4463028
0;0;4043384;4045732
1;0;6645384;6647734
2;0;4023049;4025287
3;0;11010060;11014989
4;0;4229050;4231838
0;0;3827659;3829983
1;0;6134243;6136603
2;0;3955145;3957244
3;0;10543529;10546851
4;0;3850285;3852525
0;0;3508741;3510951
1;0;5866147;5868769
2;0;4005803;4008092
3;0;10402406;10406053
4;0;3718220;3720437
