0;0;504745098;504750268
1;0;306598793;306603193
2;3768;19940840;2390607694
3;0;48558993;48561743
4;153;3978534;143314239
5;0;44046511;44048589
6;0;1627575447;1627577654
7;1065;4597347;513422714
8;25;16002500;70405177
9;0;31607669;31609295
10;28;49719218;192166701
11;0;55813288;55815057
12;0;65551149;65553846
13;19;3215588;212233479
14;887;3212031;118595527
15;0;45708572;45710321
16;0;130882532;130884122
17;0;78652048;78653872
18;0;69340329;69341624
19;0;56106284;56107889
20;0;31395769;31397602
21;0;170334210;170335897
22;0;87736546;87738372
23;0;67579543;67581698
24;0;36602362;36604122
25;2;5370932;78070922
26;12;16022814;146378134
27;0;283199531;283201845
28;0;52437185;52438705
29;395;15107668;299495411
30;0;231334924;231337148
31;0;75053271;75054645
32;0;38961080;38962951
33;5;7978611;107081537
34;28;18096508;153690198
35;0;55050776;55052623
36;0;33379976;33381494
37;0;51620625;51622312
38;0;161465433;161466788
39;0;145879674;145881001
40;0;39720425;39721769
41;0;31028319;31030042
42;272;24816433;586063734
43;69;16876604;93948486
44;0;100570976;100572769
45;0;136451172;136452873
46;0;194800326;194802020
47;0;41127642;41129631
48;0;26316673;26318767
49;0;146702564;146704265
