0;0;644996605;645001666
1;0;196746020;196750649
2;0;182872684;182877484
3;0;50163138;50168192
4;0;34992176;34996851
5;0;25715241;25718944
6;0;35652420;35656514
7;0;32679714;32683672
8;0;44916661;44921588
9;0;49560321;49565121
10;0;536553058;536559138
11;0;27714022;27717742
12;0;33074251;33078261
13;0;33888574;33892578
14;0;22102167;22105456
15;0;30459893;30463862
16;0;27407056;27411148
17;0;50042942;50047991
18;0;71722179;71727167
19;0;68189886;68194599
20;0;25701365;25705277
21;0;22933173;22936262
22;0;27449656;27453094
23;0;28522587;28527199
24;0;25144538;25147747
25;0;23670671;23673784
26;0;30011859;30016040
27;0;30034678;30038560
28;0;21129738;21132458
29;0;30990271;30993831
30;0;54262929;54267416
31;0;38128788;38131993
32;0;29909349;29912683
33;0;76024714;76029264
34;0;34161057;34164546
35;0;27714269;27717871
36;0;90541718;90547142
37;0;47090546;47094831
38;0;40667391;40671889
39;0;75106286;75110636
40;0;59856554;59861109
41;0;185339066;185343802
42;0;27949033;27953198
43;0;21100280;21103494
44;0;23681041;23684196
45;0;35140786;35144861
46;0;22596567;22599555
47;0;22268283;22271068
48;0;21602062;21605232
49;0;31164681;31167330
0;0;78850349;78855156
1;0;65167462;65171556
2;0;101561631;101566930
3;0;31317671;31320989
4;0;30590270;30594444
5;0;24230905;24233693
6;0;27902182;27905448
7;0;31656649;31660645
8;0;40320395;40324899
9;0;44097776;44102566
10;0;482387217;482391624
11;0;28192789;28196217
12;0;38800269;38803820
13;0;38355291;38365515
14;0;27756230;27758891
15;0;35343920;35346760
16;0;36574728;36577638
17;0;69917128;69921712
18;0;91017620;91022293
19;0;59485430;59490482
20;0;35032301;35035692
21;0;31470382;31472980
22;0;38013339;38016237
23;0;38518335;38521464
24;0;34562424;34565224
25;0;32649888;32652968
26;0;39393877;39397153
27;0;40590632;40594575
28;0;29102224;29105353
29;0;43135453;43139697
30;0;47627401;47632470
31;0;26539379;26542701
32;0;20607565;20610219
33;0;52811769;52816533
34;0;23633560;23636440
35;0;19088077;19090513
36;0;37296313;37301077
37;0;32218493;32222824
38;0;28092519;28096757
39;0;49310761;49314926
40;0;57602636;57607342
41;0;185665841;185670806
42;0;27255516;27259201
43;0;20605568;20608387
44;0;23403362;23407026
45;0;34865015;34869180
46;0;22417415;22420445
47;0;22028272;22030961
48;0;20893167;20895753
49;0;21203784;21206551
0;0;78658739;78663588
1;0;64964725;64969367
2;0;99710013;99714484
3;0;30886167;30889880
4;0;30211516;30215839
5;0;23871811;23874512
6;0;27778507;27782347
7;0;31207537;31211191
8;0;40134039;40138387
9;0;45945054;45950021
10;0;447930500;447935390
11;0;20046214;20049193
12;0;27256964;27259849
13;0;26681965;26684918
14;0;19635954;19638364
15;0;25081105;25084415
16;0;25676094;25679245
17;0;49218513;49223101
18;0;64248001;64252820
19;0;42283531;42288808
20;0;24894504;24897464
21;0;22256416;22259359
22;0;27362955;27366004
23;0;27272269;27275022
24;0;24406821;24409616
25;0;23005235;23007517
26;0;28284411;28287366
27;0;29870393;29877597
28;0;20582848;20586137
29;0;30572522;30581174
30;0;42507033;42511256
31;0;26381979;26385339
32;0;20469386;20472088
33;0;52755806;52759929
34;0;23609836;23612749
35;0;20798441;20801032
36;0;37073181;37077856
37;0;31894449;31897943
38;0;27955250;27958471
39;0;48938727;48942859
40;0;57231166;57236049
41;0;185038606;185042924
42;0;27229512;27233223
43;0;20481290;20483441
44;0;23033618;23036662
45;0;34461827;34465363
46;0;22093569;22095898
47;0;22346428;22349339
48;0;20751885;20754949
49;0;21100395;21103023
0;0;78036527;78041243
1;0;65108306;65113379
2;0;99381102;99385241
3;0;30570634;30574585
4;0;30233415;30237891
5;0;23623483;23626154
6;0;27585094;27588277
7;0;31151634;31154923
8;0;40043549;40048408
9;0;43947198;43951466
10;0;458650038;458655260
11;0;19826404;19829061
12;0;27071629;27074232
13;0;26574777;26578123
14;0;19378013;19379975
15;0;24999354;25002575
16;0;25615760;25618810
17;0;49141706;49146353
18;0;63921824;63927304
19;0;41873278;41877384
20;0;24918345;24921246
21;0;22142164;22144959
22;0;26692356;26696073
23;0;27267496;27270644
24;0;24301246;24304110
25;0;22901097;22903544
26;0;28075144;28078260
27;0;28675068;28678906
28;0;20496653;20499210
29;0;30456333;30460436
30;0;42574640;42583784
31;0;26427532;26431454
32;0;20448206;20450319
33;0;54039970;54044951
34;0;23429862;23432880
35;0;18947329;18949626
36;0;37106442;37109922
37;0;31774218;31777270
38;0;27798177;27801770
39;0;48746889;48752098
40;0;57186731;57190597
41;0;184592321;184604488
42;0;27205952;27220759
43;0;20339059;20340781
44;0;22941719;22943451
45;0;34537238;34539434
46;0;22052209;22053480
47;0;21641777;21643347
48;0;20628817;20630718
49;0;20985774;20987452
0;0;78350022;78353013
1;0;65118892;65121028
2;0;99552140;99554985
3;0;30555228;30557964
4;0;30166427;30169314
5;0;23699255;23701460
6;0;27644399;27647646
7;0;35665667;35669204
8;0;49516329;49519255
9;0;44412352;44415283
10;0;446215029;446218059
11;0;19752028;19753536
12;0;26924454;26926560
13;0;26560878;26563196
14;0;19657077;19658604
15;0;24952177;24954358
16;0;25650888;25652805
17;0;49129348;49132595
18;0;63858426;63861407
19;0;42046357;42049441
20;0;24532881;24535043
21;0;22170278;22171725
22;0;26913024;26915097
23;0;27267782;27270554
24;0;24294510;24296505
25;0;25898587;25901542
26;0;33305570;33307912
27;0;29095296;29097180
28;0;20354088;20355575
29;0;30309568;30311771
30;0;42380894;42383593
31;0;26175347;26177210
32;0;20342118;20343561
33;0;52791269;52794229
34;0;23360185;23362543
35;0;18745237;18746844
36;0;36895414;36897847
37;0;31834364;31837089
38;0;27639984;27641822
39;0;48918211;48920964
40;0;57168509;57171206
41;0;185354791;185358598
42;0;27069437;27071752
43;0;20302393;20304137
44;0;22940883;22942850
45;0;34505071;34507664
46;0;22043971;22045529
47;0;21736766;21738606
48;0;20713401;20714911
49;0;20974089;20975731
