0;0;482999511;483004109
1;0;107093690;107098690
2;0;2926484839;2926489295
3;0;35280097;35283607
4;0;283547548;283552806
0;0;79287577;79290626
1;0;38689597;38693017
2;0;2015959833;2015964795
3;0;11834404;11837178
4;0;69909879;69914768
0;0;3015192;3017451
1;0;2009435;2011704
2;0;1229871923;1229877215
3;0;5699194;5701792
4;0;53494885;53499052
0;0;2624577;2626981
1;0;1785246;1787324
2;0;1139150215;1139155735
3;0;5218842;5221292
4;0;62755567;62759863
0;0;2776299;2778685
1;0;1801621;1803767
2;0;1394096073;1394101877
3;0;5051964;5054293
4;0;51481163;51485215
