0;0;464043135;464048192
1;0;422073032;422078390
2;0;426085161;426091251
3;0;89584905;89590004
4;0;77787718;77792482
5;0;155323236;155328240
6;0;24783432;24786573
7;0;23268378;23271063
8;0;172347288;172353155
9;0;253217126;253221886
10;0;52304881;52309705
11;0;81271841;81276834
12;0;117594591;117600111
13;0;269089315;269094975
14;0;70500624;70505252
15;0;750644530;750649978
16;0;57422311;57426064
17;0;51899721;51904742
18;0;91034479;91039218
19;0;686333479;686339669
20;0;54093059;54097960
21;0;24575244;24578409
22;0;219913668;219919496
23;0;156826422;156832192
24;0;51139679;51144691
25;0;95429636;95434344
26;0;70863496;70868454
27;0;56090417;56095697
28;0;57232865;57237602
29;0;211936250;211942390
30;0;40390915;40394806
31;0;81752199;81756721
32;0;29594234;29598483
33;0;24934895;24939283
34;0;168519060;168524157
35;0;104445051;104450014
36;0;40587384;40591384
37;0;32217520;32221598
38;0;113008502;113013752
39;0;101160711;101165626
40;0;54380590;54383447
41;0;73368114;73374504
42;0;87951558;87957481
43;0;140391868;140397522
44;0;160799492;160804744
45;0;1431178656;1431185186
46;0;450749777;450755377
47;0;52655442;52659696
48;0;61652276;61656299
49;0;69482524;69488451
