0;0;371201039;371206090
1;0;40753570;40758639
2;0;32460488;32464636
3;0;73562169;73566882
4;0;35793923;35799304
5;0;52342424;52348292
6;0;564082721;564087469
7;0;64029148;64033658
8;13;11719816;60382264
9;157;14583411;137246081
10;0;12686809;12689524
11;0;41599122;41603835
12;0;17905493;17908437
13;0;17287862;17290749
14;0;17789738;17792585
15;2;7804684;22767004
16;0;12342726;12345526
17;0;8595939;8598641
18;1;28023659;33751185
19;0;35958667;35964096
20;0;9439560;9457169
21;0;62662345;62665519
22;0;877025823;877028948
23;0;54466028;54468948
24;0;7218934;7220604
25;0;19195108;19197291
26;0;9887403;9889283
27;10;2452599;9232108
28;12;2260120;10721364
29;0;8360891;8362554
30;0;182669602;182673335
31;0;10633348;10635308
32;0;7355765;7357588
33;0;48669695;48672175
34;0;31934315;31937343
35;0;5990865;5992508
36;0;10291039;10292832
37;0;11876932;11878868
38;0;59712924;59715372
39;0;9319670;9321433
40;0;122501672;122505056
41;0;17381462;17383397
42;0;17228184;17230398
43;4432;2292180;318576372
44;0;10491571;10499272
45;0;8622913;8624219
46;0;10655720;10657320
47;0;15481422;15483140
48;0;26163208;26164938
49;181;2401372;71402350
