0;0;289657506;289662320
1;0;30839528140;30839533284
2;0;23713957258;23713962423
3;0;57748699;57752406
4;0;timeout;timeout
0;0;3556670;3559990
1;0;7951324167;7951329404
2;0;3420564435;3420569965
3;0;13196761;13200364
4;0;timeout;timeout
0;0;2813032;2816052
1;0;106114432;106119389
2;0;62029100;62034069
3;0;1858227;1860338
4;0;timeout;timeout
0;0;2605892;2608735
1;0;126744279;126748641
2;0;56893985;56898136
3;0;1952376;1954529
4;0;timeout;timeout
0;0;2514748;2517958
1;0;113391392;113395674
2;0;71649106;71653250
3;0;1831439;1833710
4;0;timeout;timeout
