0;0;487781504;487787341
1;0;461071105;461076408
2;0;209462470;209467732
3;0;30343996;30347408
4;0;298520812;298526196
5;0;68405422;68409996
6;0;47888915;47893487
7;0;161648980;161653911
8;0;54693787;54698724
9;0;69322207;69326395
10;0;114732850;114738050
11;0;27147193;27151275
12;0;53684874;53689413
13;0;34737572;34741339
14;0;922377111;922382779
15;0;52883366;52889733
16;0;44106985;44112198
17;0;65940354;65946148
18;0;623509037;623514297
19;0;62865361;62870335
20;0;47630911;47635575
21;0;29292934;29296162
22;0;114700397;114705228
23;0;52305748;52310692
24;0;211928041;211932582
25;0;48902212;48906535
26;0;405417825;405423188
27;0;37146130;37150768
28;0;43246846;43251105
29;0;40513578;40518382
30;0;74789611;74795331
31;0;49791976;49796760
32;0;27963709;27967676
33;0;170434815;170439975
34;0;31343604;31348294
35;0;64065851;64070618
36;0;170254668;170260564
37;0;57971677;57976350
38;0;819577049;819582836
39;0;67818747;67823739
40;0;34554432;34558599
41;0;136665096;136670408
42;0;31775701;31780395
43;0;211453914;211459711
44;0;71377201;71382356
45;0;93199714;93204333
46;0;52341012;52345796
47;0;88377090;88382344
48;0;121554101;121559800
49;0;26691956;26696234
0;0;31256616;31260759
1;0;64730242;64735016
2;0;30404871;30409024
3;0;22246139;22249710
4;0;50886007;50890852
5;0;33020917;33025587
6;0;27415004;27419496
7;0;49509251;49513576
8;0;37807796;37812420
9;0;48019313;48024441
10;0;83452974;83457748
11;0;24064169;24068266
12;0;38634252;38638537
13;0;24984541;24996385
14;0;44871422;44875796
15;0;26499880;26503711
16;0;27803203;27807015
17;0;24068141;24071788
18;0;79965734;79970647
19;0;43187641;43191736
20;0;37017149;37021610
21;0;24299265;24302444
22;0;101364510;101368736
23;0;32134973;32139630
24;0;46908214;46912304
25;0;42939013;42943229
26;0;26375536;26378598
27;0;29094528;29098521
28;0;39506711;39511475
29;0;30859803;30863579
30;0;40228479;40232176
31;0;26904161;26907870
32;0;24525404;24528934
33;0;154074430;154078788
34;0;23382113;23385177
35;0;56531267;56535404
36;0;36113450;36117403
37;0;37555080;37559725
38;0;270554452;270559102
39;0;44570668;44574816
40;0;31401766;31405531
41;0;40710567;40714306
42;0;26298263;26301729
43;0;43193686;43198295
44;0;46934280;46938288
45;0;73564462;73569029
46;0;47576039;47580178
47;0;52405869;52409735
48;0;71525259;71530235
49;0;25812846;25816780
0;0;30533266;30536583
1;0;63861993;63866889
2;0;29763297;29767478
3;0;21706492;21709252
4;0;48442406;48446479
5;0;32108947;32112613
6;0;26264795;26268291
7;0;48787958;48792068
8;0;36948958;36952958
9;0;47094551;47098549
10;0;84137077;84141514
11;0;23648678;23652158
12;0;36796949;36801354
13;0;24188594;24191936
14;0;44567277;44571206
15;0;26084520;26088033
16;0;27260727;27263934
17;0;23629089;23632508
18;0;79256144;79260332
19;0;42992043;42996069
20;0;36913253;36917229
21;0;24097142;24100408
22;0;112661958;112666718
23;0;32086611;32090121
24;0;46848376;46852779
25;0;42669326;42673484
26;0;26165698;26169086
27;0;29677927;29686788
28;0;39489917;39494216
29;0;30480617;30484803
30;0;30568099;30571537
31;0;25736937;25740252
32;0;23418318;23421728
33;0;154162509;154166925
34;0;23068027;23071034
35;0;55776249;55780678
36;0;36001114;36005050
37;0;35091822;35095904
38;0;218772517;218777266
39;0;44328303;44333030
40;0;31060488;31064154
41;0;40492922;40497056
42;0;26226115;26229357
43;0;43110815;43115027
44;0;46739849;46744051
45;0;73294753;73299064
46;0;47767501;47771991
47;0;52619432;52623858
48;0;89355229;89360025
49;0;25867135;25871112
0;0;30539483;30543572
1;0;63633433;63637635
2;0;29418341;29422153
3;0;21503060;21505942
4;0;48295439;48300131
5;0;32020660;32024693
6;0;26032265;26035672
7;0;48658075;48662485
8;0;39478808;39483560
9;0;47085118;47089982
10;0;83063110;83067223
11;0;23550224;23553880
12;0;36661572;36666591
13;0;24079277;24082550
14;0;44295674;44300312
15;0;25963375;25967232
16;0;27244175;27248345
17;0;23487474;23490963
18;0;80888960;80893611
19;0;42824327;42829071
20;0;37104851;37109470
21;0;24094498;24097986
22;0;99801913;99805953
23;0;31802384;31807194
24;0;46820909;46825946
25;0;42815099;42819139
26;0;26145480;26149698
27;0;37921862;37926034
28;0;39240971;39245082
29;0;30426431;30430511
30;0;30438292;30442073
31;0;25846726;25850778
32;0;23263207;23266268
33;0;152766624;152771036
34;0;23106955;23110206
35;0;57215013;57219119
36;0;36028159;36031975
37;0;35154938;35159541
38;0;216536454;216540769
39;0;46782043;46786094
40;0;31118894;31122967
41;0;40644644;40656656
42;0;26461407;26476598
43;0;42948347;42951175
44;0;46669430;46672277
45;0;73337776;73341360
46;0;47354608;47358003
47;0;53918012;53920723
48;0;69512811;69516300
49;0;25581271;25584370
0;0;30323656;30326534
1;0;63863362;63866840
2;0;29401623;29403689
3;0;21388466;21390069
4;0;48293460;48296434
5;0;33960144;33963043
6;0;25918234;25921366
7;0;48880942;48884278
8;0;36473235;36476310
9;0;46913817;46917060
10;0;82849848;82853702
11;0;23461751;23464047
12;0;36617259;36620237
13;0;24186776;24189178
14;0;55188353;55191306
15;0;26501553;26503923
16;0;27168157;27170616
17;0;23501162;23503598
18;0;79197268;79200167
19;0;42748009;42750687
20;0;36491884;36494729
21;0;23812305;23814140
22;0;111296392;111300314
23;0;31814485;31816831
24;0;46730892;46733760
25;0;42681662;42684666
26;0;26023415;26026211
27;0;28692320;28695549
28;0;39012820;39015568
29;0;33410422;33413838
30;0;38084246;38087006
31;0;28254453;28256875
32;0;23302704;23304885
33;0;152390167;152393680
34;0;23016635;23018743
35;0;57650726;57653668
36;0;35702847;35705937
37;0;34974594;34977375
38;0;227568685;227572014
39;0;49691393;49694576
40;0;30790036;30792946
41;0;40226482;40229639
42;0;25974617;25977344
43;0;42831838;42834641
44;0;46431743;46435284
45;0;75010025;75013407
46;0;47342855;47345970
47;0;52240453;52243163
48;0;69583636;69586283
49;0;25457781;25460725
