0;0;442408139;442412711
1;0;453345647;453350702
2;0;367226251;367231507
3;0;251866327;251870835
4;5;40940640;104123992
5;0;226806267;226810552
6;0;532459227;532464371
7;0;68388355;68392570
8;0;82248851;82253096
9;0;245826420;245831678
10;0;91178417;91182922
11;0;78331834;78336606
12;0;594925473;594930739
13;0;68242246;68246997
14;0;11185186753;11185192307
15;0;680195383;680199853
16;0;47319044;47323185
17;8;20799947;61040511
18;0;28624690;28629189
19;0;295516524;295521994
20;0;39528321;39532073
21;37;15008443;721364792
22;0;229186207;229191332
23;0;8631407282;8631412077
24;3;170152639;940909278
25;1236;3136033;950095885
26;10243;2784392;3490291643
27;0;118680333;118682416
28;983;3280612;1436267439
29;0;78916647;78918492
30;0;91895293;91897253
31;0;302633624;302635631
32;0;55555886;55557806
33;69371;17021748;1266467913
34;0;170518519;170543858
35;0;945849915;945851009
36;0;48989597;48990508
37;311;68196665;2101564542
38;0;39527800;39528772
39;1458;5465903;4981774962
40;0;109989271;109990208
41;0;73406287;73407381
42;66825;25543968;994478619
43;0;81061862;81071259
44;783;2319923;578966240
45;0;55557708;55558602
46;139;16623068;386020969
47;171;3986203;143122243
48;1;92759697;109747098
49;380;2723732;671659094
0;0;33066351;33067185
1;0;42676571;42677394
2;0;39743965;39744763
3;0;157503096;157503746
4;5;6833446;27728408
5;0;49851212;49851894
6;0;189638928;189639645
7;0;41536877;41537557
8;0;48844821;48845520
9;0;32476451;32477223
10;0;72553806;72554683
11;0;49909270;49910110
12;0;84598017;84598998
13;0;54817719;54818300
14;0;1520408091;1520409046
15;0;515770386;515771097
16;0;42708100;42708961
17;8;16913607;42447729
18;0;23244690;23245304
19;0;63492288;63493079
20;0;28823554;28824208
21;37;1593418;42661779
22;0;67372362;67373002
23;0;2379232746;2379233459
24;3;5420394;38257714
25;1236;1593237;528781884
26;10243;1637368;130772205
27;0;97930890;97931756
28;983;1622187;41929678
29;0;30157795;30158670
30;0;70335178;70335921
31;0;32938194;32938787
32;0;41513180;41513895
33;69371;1589656;861867567
34;0;125336518;125337275
35;0;831090930;831091836
36;0;45649965;45650741
37;311;11501142;510027449
38;0;32975292;32976040
39;1458;3827075;3951223241
40;0;101834466;101835353
41;0;30023587;30024231
42;66825;1458260;816976631
43;0;47312994;47313667
44;783;1617957;57571728
45;0;24481407;24482003
46;139;17452004;121022448
47;171;2366585;97048926
48;1;25670396;37884280
49;380;1729630;75830455
0;0;25019124;25019541
1;0;43088698;43089323
2;0;44265328;44272867
3;0;144139020;144139446
4;5;6438944;27356196
5;0;49150945;49151363
6;0;189174943;189175611
7;0;41084671;41085015
8;0;49404328;49404794
9;0;30663217;30663678
10;0;71818150;71818771
11;0;60433451;60434093
12;0;81847952;81848486
13;0;49572073;49572520
14;0;1498680223;1498680738
15;0;518171889;518172331
16;0;41249310;41249775
17;8;16859171;42473369
18;0;22926302;22926690
19;0;63387106;63387596
20;0;28548817;28549236
21;37;1376439;43808650
22;0;65657636;65658010
23;0;2388176508;2388177204
24;3;5181958;39315707
25;1236;1320881;514739416
26;10243;1444933;130671690
27;0;98573223;98573776
28;983;1523121;41825179
29;0;29759633;29760017
30;0;68281487;68281937
31;0;42302085;42302802
32;0;45612980;45613445
33;69371;1256558;859457130
34;0;124768404;124768778
35;0;861999061;861999604
36;0;45097642;45098219
37;311;10954334;509849761
38;0;31516324;31516745
39;1458;3539394;3880714718
40;0;101651259;101651781
41;0;29711501;29711864
42;66825;1223619;799427457
43;0;47107295;47107683
44;783;1289210;57062358
45;0;24007373;24007763
46;139;13397711;108603480
47;171;2179854;97521380
48;1;25481115;37719993
49;380;1617288;75899513
0;0;24993054;24993374
1;0;39566624;39567124
2;0;48775001;48775383
3;0;159689802;159690193
4;5;6132120;26934675
5;0;49160794;49161189
6;0;188740544;188741033
7;0;40872487;40872871
8;0;49199705;49200359
9;0;30741057;30741446
10;0;72382521;72382982
11;0;49269950;49270444
12;0;77788375;77788839
13;0;49505507;49505954
14;0;1482609197;1482609719
15;0;515267374;515267967
16;0;40859055;40859499
17;8;16449109;41928927
18;0;22627595;22628134
19;0;63004235;63004680
20;0;28582732;28583162
21;37;1272271;42228644
22;0;76007955;76008465
23;0;2414538040;2414538600
24;3;4846386;39005879
25;1236;1110118;515787865
26;10243;1170408;130733721
27;0;109143608;109167609
28;983;1147055;41476043
29;0;29600292;29602042
30;0;78930997;78931343
31;0;32302023;32302357
32;0;40980263;40980546
33;69371;1197970;882871836
34;0;126454328;126454676
35;0;853061194;853061598
36;0;43738202;43738442
37;311;11055853;513160598
38;0;31475614;31475857
39;1458;3350914;3904112625
40;0;101481358;101481699
41;0;31245131;31245409
42;66825;1112083;801642273
43;0;45405335;45405533
44;783;1133622;66685231
45;0;25351108;25351312
46;139;13333302;108653341
47;171;2047355;86803327
48;1;25128687;37329915
49;380;1312417;75547561
0;0;24508158;24508447
1;0;36209318;36209641
2;0;40327512;40327792
3;0;158130886;158131332
4;5;6332410;25960784
5;0;56457101;56457362
6;0;201274981;201275238
7;0;42039623;42039898
8;0;47862491;47862750
9;0;31015655;31015975
10;0;73632353;73632655
11;0;59673243;59673601
12;0;80663958;80664259
13;0;47983894;47984157
14;0;1511550639;1511551072
15;0;514560516;514560883
16;0;40722000;40722287
17;8;17681720;43232307
18;0;22469389;22469702
19;0;61089085;61089358
20;0;28208531;28208665
21;37;1013715;43400241
22;0;65038875;65039132
23;0;2377636587;2377637010
24;3;6266500;44428856
25;1236;1094430;515907659
26;10243;1004964;130713074
27;0;97632038;97632300
28;983;1101203;41267413
29;0;29564851;29565077
30;0;69678710;69679138
31;0;32192995;32193225
32;0;39463665;39464037
33;69371;1039128;859035995
34;0;138915650;138916205
35;0;845592621;845593155
36;0;47578797;47579035
37;311;10865903;500847358
38;0;32606464;32606803
39;1458;3291481;3866071318
40;0;99670779;99671021
41;0;30955168;30955477
42;66825;979334;799790493
43;0;46830448;46830657
44;783;1187730;57142614
45;0;23892719;23892945
46;139;18246574;120785244
47;171;3396868;97843077
48;1;26529945;38752185
49;380;1288659;73958876
