0;0;4936275055;4936281505
1;0;28592510307;28592516027
2;0;38086943;38090836
3;0;160120044175;160120049766
4;0;10538810063;10538815867
0;0;24616573;24620133
1;0;380816886;380822215
2;0;4063530;4065880
3;0;7024698692;7024704535
4;0;71950882;71955623
0;0;17360585;17362785
1;0;333532278;333536659
2;0;3917677;3919971
3;0;6860872696;6860877878
4;0;70854097;70858539
0;0;17030931;17033781
1;0;332994070;332998736
2;0;3608950;3611288
3;0;6408214687;6408219948
4;0;71351742;71356337
0;0;17207214;17209508
1;0;447707198;447712466
2;0;3547201;3549526
3;0;6439349241;6439354232
4;0;69914577;69918822
