0;821;477262906;639876920
1;0;214648052;214649885
2;0;17465349798;17465352222
3;0;102894515;102896530
4;324;15433919;846058815
5;129211;61771716;2201517306
6;0;70559774;70598271
7;0;164588916;164592976
8;0;147264716;147267970
9;0;1773572483;1773575993
10;0;97921311;97924133
11;0;16339389761;16339393514
12;0;65477246;65479829
13;0;76477571;76480796
14;0;43928558;43930844
15;0;4964896918;4964899672
16;0;137566590;137568974
17;0;150384513;150409033
18;0;271556825;271587252
19;0;8733013474;8733014921
20;0;425379066;425380503
21;0;53515408;53516768
22;0;150606274;150607731
23;0;2531603818;2531605077
24;0;9976296840;9976298173
25;0;24838896;24840001
26;0;77129723;77130937
27;0;877155834;877157191
28;0;77799435;77800800
29;176;16974745;82215860
30;0;1007040442;1007041750
31;0;645181106;645182312
32;0;1581828465;1581830177
33;0;104541996;104543113
34;0;108957348;108958390
35;0;64066530;64067344
36;0;1764753184;1764754491
37;0;88984819;88985931
38;0;250331000;250332184
39;0;671700676;671701896
40;0;691187960;691189614
41;0;44077217;44078177
42;0;135064271;135065360
43;0;3367405453;3367415970
44;0;255337241;255338197
45;0;90064563;90065650
46;0;279049716;279050699
47;0;81216570;81217990
48;0;138826270;138827335
49;0;3452243215;3452244298
0;821;4401272;41333005
1;0;91437362;91438348
2;0;156867731;156868771
3;0;22263156;22263972
4;324;1159541;104964461
5;129211;1358208;886040401
6;0;35118113;35129124
7;0;44350345;44351340
8;0;27789893;27790876
9;0;54723584;54724671
10;0;20510562;20511218
11;0;134119912;134120978
12;0;28894422;28895255
13;0;40447689;40448722
14;0;27445264;27446184
15;0;37235864;37236812
16;0;40163327;40164120
17;0;34827797;34828594
18;0;30421582;30422527
19;0;216819468;216820451
20;0;45644315;45651576
21;0;21213001;21213766
22;0;90174154;90175194
23;0;1933383133;1933384349
24;0;90663513;90664908
25;0;19446320;19447171
26;0;68027688;68028850
27;0;136879288;136880408
28;0;39497996;39499125
29;176;2706150;69790584
30;0;905292951;905294017
31;0;29637229;29638812
32;0;97226825;97228049
33;0;54605593;54606798
34;0;45844290;45845266
35;0;25383794;25384598
36;0;65453504;65454695
37;0;25201210;25221685
38;0;33228257;33229043
39;0;58846153;58846915
40;0;51726655;51727638
41;0;21212133;21212641
42;0;22212744;22213777
43;0;77193604;77194451
44;0;107165462;107166278
45;0;37823124;37823884
46;0;24207793;24208628
47;0;33405315;33405910
48;0;26939343;26939905
49;0;91438938;91439691
0;821;3431459;35577077
1;0;91352839;91353855
2;0;173471037;173471849
3;0;22267770;22268321
4;324;978720;104943904
5;129211;1198132;911125877
6;0;33589576;33590489
7;0;45452726;45453441
8;0;27577299;27578012
9;0;54895234;54896163
10;0;26058751;26059431
11;0;143828756;143829530
12;0;28641212;28641960
13;0;40010829;40011497
14;0;27097820;27098373
15;0;37192454;37193249
16;0;41530705;41531510
17;0;34828506;34829186
18;0;28938075;28938766
19;0;243452343;243453240
20;0;55685498;55686208
21;0;21761069;21761699
22;0;90018204;90019101
23;0;1928449403;1928450217
24;0;89165674;89166491
25;0;19370693;19371178
26;0;66368367;66369061
27;0;137765219;137766034
28;0;39572332;39572975
29;176;2497544;67897561
30;0;909900982;909901812
31;0;29346452;29347228
32;0;98369626;98370452
33;0;52825898;52826561
34;0;45568397;45569152
35;0;24944918;24945409
36;0;69724484;69725343
37;0;29424863;29425669
38;0;33471907;33474481
39;0;57207237;57207738
40;0;51364748;51365207
41;0;22290928;22291549
42;0;22128909;22129186
43;0;75986696;75987070
44;0;110563379;110563880
45;0;37563615;37564010
46;0;23889252;23889640
47;0;33314184;33314533
48;0;25439617;25439972
49;0;92858355;92858821
0;821;3276823;34203407
1;0;90474651;90475164
2;0;156731117;156731724
3;0;22054264;22054455
4;324;978652;105022250
5;129211;1106517;909755226
6;0;34777207;34777628
7;0;44107765;44108262
8;0;27497974;27498341
9;0;54648732;54649150
10;0;21631383;21631700
11;0;132802519;132802945
12;0;29754382;29754756
13;0;38435473;38435942
14;0;27004978;27005362
15;0;36936797;36937310
16;0;48899283;48899914
17;0;40182272;40182697
18;0;28918662;28918991
19;0;221771100;221771666
20;0;48244179;48244586
21;0;21132321;21132700
22;0;89906452;89907043
23;0;1942177827;1942178530
24;0;90690780;90691368
25;0;19245623;19246021
26;0;68211845;68212410
27;0;148836793;148837339
28;0;40591371;40591872
29;176;2398476;67688697
30;0;904195611;904196171
31;0;29375284;29375750
32;0;98394273;98394805
33;0;53137127;53137602
34;0;47009193;47009676
35;0;24915187;24915554
36;0;63888719;63889199
37;0;29181721;29182254
38;0;39925089;39925479
39;0;58151734;58152252
40;0;52975463;52976032
41;0;21187015;21187328
42;0;22171225;22171606
43;0;76744192;76744764
44;0;106440124;106440667
45;0;37414909;37415396
46;0;23723322;23723767
47;0;34437983;34438487
48;0;25400174;25400483
49;0;92879481;92879961
0;821;3179767;34232204
1;0;91870457;91870987
2;0;157168061;157168680
3;0;23359624;23360008
4;324;854931;104673256
5;129211;967245;886841797
6;0;33785866;33786383
7;0;43907614;43908037
8;0;28791147;28791561
9;0;54437795;54438228
10;0;20227496;20227795
11;0;135449057;135449518
12;0;28465330;28465687
13;0;38624710;38625180
14;0;27114200;27114772
15;0;38368102;38368702
16;0;41160540;41160990
17;0;35865160;35865666
18;0;28665554;28665867
19;0;218551365;218551930
20;0;45540018;45540437
21;0;27362428;27362980
22;0;95523633;95524127
23;0;1961501476;1961501984
24;0;90679473;90679944
25;0;19097747;19098227
26;0;66363416;66363875
27;0;137773798;137774274
28;0;39183393;39183904
29;176;2387643;69334983
30;0;900624060;900624671
31;0;29423092;29423577
32;0;98307810;98308410
33;0;53029088;53029500
34;0;50742959;50743507
35;0;24973105;24973559
36;0;63566966;63567507
37;0;26280591;26280970
38;0;32797261;32797683
39;0;57167733;57168161
40;0;51265211;51265797
41;0;20856076;20856455
42;0;24922894;24923484
43;0;84766603;84767059
44;0;105108721;105109232
45;0;39001582;39002081
46;0;23728437;23728806
47;0;33184733;33185225
48;0;25379791;25380201
49;0;91470369;91470920
