0;0;719811540;719815975
1;0;21574295;21578829
2;0;25099512;25103602
3;0;36915562;36919496
4;0;11367058;11369799
5;0;17704627;17708183
6;0;18768326;18772686
7;0;16132539;16136678
8;0;16443714;16448191
9;0;8649055;8651831
10;0;14424994;14428738
11;0;10279594;10282561
12;0;11923362;11927049
13;0;6728347;6730903
14;0;6824987;6827636
15;0;8912124;8914872
16;0;19724044;19729316
17;0;16353548;16357896
18;0;7186637;7189339
19;0;76654546;76658927
20;0;32890781;32895103
21;0;24950389;24953865
22;0;40344395;40348887
23;0;13311500;13314074
24;0;5910505;5912846
25;0;5511019;5513455
26;0;5347894;5350308
27;0;16195504;16198403
28;0;33822331;33826137
29;0;10361132;10364176
30;0;25226525;25230747
31;0;12223351;12225810
32;0;10629503;10631993
33;0;110020431;110025250
34;0;25116719;25120747
35;0;6003059;6005397
36;0;10022500;10025375
37;0;11149716;11152387
38;0;71252814;71256823
39;0;220978568;220982641
40;0;16133363;16136083
41;0;16432916;16435377
42;0;5585686;5588295
43;0;13659899;13662367
44;0;7831236;7833565
45;0;9766946;9769330
46;0;19181200;19184042
47;0;6827942;6830432
48;0;17227290;17229730
49;0;12026393;12028916
