0;0;653051845;653056744
1;0;289155331;289159903
2;0;60796393;60800640
3;0;56069762;56074347
4;0;60494621;60498520
5;0;433625294;433629772
6;0;121832106;121836690
7;0;171006375;171011135
8;0;33659256;33662853
9;0;56008504;56013042
10;0;46848539;46852794
11;0;36984418;36988194
12;0;89694691;89699075
13;0;68996861;69000996
14;0;31200482;31204734
15;0;93577441;93581912
16;0;25000845;25004398
17;0;51565291;51570312
18;0;42263739;42267772
19;0;56675560;56679725
20;0;40072292;40076544
21;0;30874298;30878797
22;0;35158150;35162070
23;0;159266692;159271132
24;0;45907483;45912038
25;0;57096217;57100565
26;0;147431017;147436182
27;0;63175975;63180378
28;0;38649493;38653980
29;0;684797385;684801959
30;0;60245112;60250008
31;0;88906195;88914428
32;0;61147437;61151974
33;0;84623415;84628055
34;0;57809614;57814270
35;0;26809124;26813312
36;0;25205961;25209700
37;0;143087527;143092056
38;0;31498379;31502969
39;0;33595421;33600313
40;0;90207138;90211447
41;0;42517203;42521833
42;0;34465002;34469527
43;6586;18046613;2358319775
44;0;50011000;50014172
45;0;29008981;29011946
46;0;39911726;39914924
47;0;26351100;26353698
48;0;46195333;46198375
49;0;212309097;212312313
