0;0;281558711;281563210
1;0;5194115;5196503
2;0;575350155;575354422
3;0;2514314855;2514320385
4;0;3275048780;3275054280
0;0;3697144;3700234
1;0;7691980;7694863
2;0;17226310;17229250
3;0;11512257;11514960
4;0;8844831;8847537
0;0;2247120;2249370
1;0;1951543;1953716
2;0;12255658;12258382
3;0;8888876;8891271
4;0;7807943;7810390
0;0;1873126;1875225
1;0;1821857;1823806
2;0;11614085;11616624
3;0;8879017;8881530
4;0;7690782;7693211
0;0;1820942;1823060
1;0;1800565;1802629
2;0;39928411;39933302
3;0;7723228;7725936
4;0;6622964;6625251
