0;0;420967568;420972662
1;0;236801593;236806275
2;0;305619152;305624272
3;0;32334072;32338432
4;0;50523594;50527867
5;0;22065724;22070032
6;0;71130009;71135064
7;0;208442994;208447415
8;0;84940797;84945560
9;0;37376055;37380184
10;0;248944701;248949497
11;0;35325914;35330773
12;0;87532399;87537013
13;0;46843054;46847419
14;0;43685616;43689541
15;0;39953774;39957929
16;0;47084219;47088669
17;0;56854356;56859206
18;0;54564376;54569621
19;0;50576015;50580528
20;0;21553746;21557130
21;0;71678606;71683879
22;0;59725589;59728862
23;0;78742029;78746500
24;0;68319354;68324286
25;0;30068575;30073219
26;0;82142047;82146725
27;0;137200715;137205495
28;0;79893051;79898211
29;0;37546587;37550147
30;0;35788258;35792265
31;0;111667499;111671880
32;0;92598745;92603883
33;0;112281440;112286132
34;0;158806158;158810650
35;0;97942560;97947635
36;0;21009150;21012578
37;0;26152354;26155867
38;0;49936727;49941362
39;0;38783629;38787693
40;0;82263790;82268867
41;0;193083128;193087744
42;0;127127263;127132451
43;0;38048924;38053564
44;0;37024235;37028784
45;0;22207257;22210242
46;0;34168883;34173667
47;0;59418345;59423164
48;0;56055014;56060550
49;0;46420479;46425514
0;0;21747843;21750532
1;0;49730094;49734861
2;0;168957760;168962349
3;0;29112065;29115533
4;0;34063015;34068010
5;0;20496512;20499634
6;0;51721115;51725726
7;0;69009021;69013663
8;0;42317414;42322360
9;0;26682470;26685696
10;0;192384050;192388810
11;0;49019440;49023459
12;0;90094287;90098694
13;0;42516075;42528278
14;0;39199209;39203162
15;0;55140511;55144763
16;0;42381407;42385473
17;0;67798004;67802498
18;0;56611920;56616368
19;0;61781812;61785951
20;0;29897612;29900949
21;0;65307222;65311771
22;0;30963621;30966972
23;0;81350684;81355364
24;0;96656461;96661244
25;0;23644012;23647614
26;0;60819658;60823681
27;0;36184000;36187880
28;0;41933136;41937336
29;0;26107067;26110458
30;0;21592582;21595855
31;0;72271715;72276617
32;0;25639917;25643642
33;0;78005999;78010283
34;0;96612574;96616611
35;0;92276315;92280425
36;0;20801096;20803515
37;0;25992469;25995458
38;0;50032271;50036200
39;0;38614665;38618295
40;0;82423933;82428618
41;0;130216902;130221166
42;0;121446309;121450695
43;0;38035456;38039584
44;0;29281347;29284947
45;0;21130957;21134308
46;0;34079892;34084078
47;0;49101278;49105732
48;0;26579835;26583508
49;0;38185752;38190275
0;0;21316008;21319184
1;0;50049781;50054383
2;0;170818491;170822802
3;0;29615094;29618891
4;0;33785235;33789649
5;0;20260803;20263777
6;0;51384050;51388544
7;0;68974257;68978633
8;0;42423638;42427930
9;0;24866747;24869373
10;0;144108800;144112675
11;0;34384634;34388625
12;0;66517976;66522560
13;0;30804096;30808235
14;0;27675923;27678617
15;0;38842587;38846756
16;0;30726750;30731252
17;0;48417489;48422044
18;0;40624904;40629621
19;0;44022776;44027529
20;0;21077030;21079052
21;0;47533988;47538835
22;0;21938738;21942701
23;0;57069825;57073952
24;0;63419578;63423406
25;0;23293564;23297223
26;0;60359807;60364421
27;0;36512794;36521010
28;0;41757490;41762280
29;0;25967137;25970636
30;0;21463264;21466050
31;0;74192529;74197371
32;0;25273696;25277143
33;0;77297477;77302367
34;0;97177778;97181578
35;0;91296162;91300677
36;0;20506027;20508479
37;0;25759467;25762257
38;0;50031144;50034598
39;0;38509963;38514102
40;0;81637087;81641205
41;0;129327511;129331656
42;0;121448278;121452499
43;0;37945948;37950119
44;0;29273206;29276858
45;0;20993252;20995875
46;0;34000955;34004882
47;0;48655558;48660188
48;0;26426082;26430354
49;0;38363513;38367671
0;0;21138962;21141477
1;0;49319590;49323392
2;0;172110794;172115094
3;0;37897910;37901190
4;0;36011158;36014806
5;0;20183506;20186685
6;0;51536695;51540879
7;0;68392432;68395976
8;0;42065907;42069992
9;0;24846083;24849349
10;0;143904034;143908998
11;0;34831453;34834872
12;0;66345244;66349482
13;0;30464792;30468543
14;0;27417463;27420588
15;0;38887495;38891410
16;0;30280262;30283954
17;0;48100547;48104895
18;0;40237696;40241812
19;0;43881740;43885669
20;0;21553831;21556302
21;0;47376641;47380653
22;0;21683582;21686189
23;0;56807235;56811411
24;0;63703214;63712574
25;0;23340838;23344019
26;0;60081956;60086639
27;0;35430252;35434356
28;0;41467139;41471104
29;0;25932318;25935281
30;0;21358090;21361947
31;0;74028221;74033111
32;0;25216296;25219352
33;0;77494800;77498849
34;0;96670304;96674142
35;0;91323546;91327607
36;0;20575100;20578255
37;0;25877667;25880399
38;0;49812296;49816758
39;0;38624415;38627811
40;0;81715471;81719642
41;0;128910783;128922117
42;0;120739105;120754738
43;0;37675700;37678178
44;0;29068436;29070648
45;0;20802239;20804095
46;0;33755557;33759013
47;0;48642642;48645416
48;0;26136251;26138780
49;0;38282298;38289969
0;0;21027266;21028948
1;0;49171434;49173770
2;0;169811791;169815400
3;0;29328860;29330721
4;0;33391097;33394267
5;0;19866479;19868197
6;0;51344397;51347632
7;0;68198683;68201180
8;0;41653254;41656137
9;0;24654624;24656333
10;0;143043199;143045653
11;0;34299139;34302033
12;0;65996842;65999685
13;0;30638277;30640470
14;0;27405402;27407595
15;0;38767808;38770017
16;0;29907944;29910410
17;0;47424229;47427248
18;0;39990990;39994107
19;0;43271159;43273889
20;0;20553813;20555340
21;0;46895822;46898078
22;0;21580260;21581580
23;0;56580772;56583509
24;0;62860516;62863149
25;0;23165804;23167870
26;0;72685090;72688812
27;0;37819542;37822379
28;0;41184146;41186593
29;0;25692015;25693874
30;0;21215579;21217847
31;0;71639159;71642296
32;0;25062105;25063955
33;0;77466131;77468941
34;0;95973196;95975815
35;0;90771609;90774152
36;0;20378466;20380278
37;0;25716417;25718024
38;0;49660915;49663974
39;0;38334543;38336722
40;0;81145335;81148180
41;0;128927611;128930707
42;0;120889207;120892127
43;0;37741806;37744331
44;0;28971584;28973485
45;0;22695012;22697151
46;0;33789273;33792414
47;0;49031661;49034382
48;0;26080806;26083053
49;0;38247377;38250090
