0;0;423600167;423604979
1;0;406996698;407001262
2;139814;3054816;247519091
3;0;44296660;44307065
4;0;23288077;23288858
5;0;34174796;34175898
6;44;4230183;24180371
7;0;61597341;61598442
8;0;63577938;63578874
9;0;223593218;223594623
10;31;2159278;64333566
11;0;36888875;36889795
12;0;195403440;195404650
13;0;33316490;33317429
14;0;31960906;31961795
15;0;107048825;107049658
16;0;123591540;123592897
17;0;34943023;34943830
18;0;19976358;19977071
19;12794;1772397;130550533
20;0;85215389;85243085
21;0;31701058;31704460
22;0;22683544;22685848
23;0;78000767;78003781
24;0;29452060;29454505
25;0;96248511;96250965
26;2;13944290;38062190
27;0;72645309;72647652
28;0;67899105;67901738
29;0;29591494;29593494
30;0;31280187;31282608
31;0;64409845;64413322
32;0;266782752;266785632
33;0;28654047;28656407
34;0;259644278;259646681
35;0;87766216;87769902
36;2665;1713637;47810303
37;0;62079050;62100589
38;0;130276061;130276936
39;0;165114500;165115606
40;0;79790541;79791581
41;0;45868411;45869489
42;0;173547947;173549077
43;0;137961658;137962514
44;0;134794660;134795860
45;0;169200936;169202239
46;0;48981461;48982564
47;0;40581404;40582433
48;0;108840264;108841083
49;0;42305550;42306470
0;0;33928852;33929654
1;0;213852135;213853088
2;139814;1300728;121676713
3;0;35341920;35343010
4;0;19718889;19735865
5;0;25109863;25111006
6;44;2879623;22640257
7;0;60305675;60306790
8;0;61900346;61901571
9;0;208610420;208611644
10;31;1335683;34086245
11;0;25722212;25723332
12;0;148694956;148696008
13;0;33284690;33285920
14;0;30870724;30871640
15;0;105353173;105354366
16;0;117046030;117047230
17;0;34304694;34305662
18;0;19493833;19494657
19;12794;983920;113276447
20;0;80600741;80601899
21;0;31161833;31162859
22;0;21174870;21175663
23;0;48230778;48231938
24;0;20939202;20939983
25;0;68560904;68562219
26;2;10037034;27335093
27;0;51459151;51460233
28;0;48396566;48397681
29;0;21096459;21097311
30;0;22546793;22547586
31;0;51122706;51124030
32;0;267697005;267698278
33;0;28310686;28311724
34;0;262974031;262975118
35;0;66999806;67000900
36;2665;1242193;41194832
37;0;61848126;61849220
38;0;138598183;138599386
39;0;151909187;151910305
40;0;79078179;79079186
41;0;41853972;41854819
42;0;152711198;152712076
43;0;101763658;101764401
44;0;89976884;89977999
45;0;121516946;121517645
46;0;35015686;35016802
47;0;28896584;28897255
48;0;67319781;67320668
49;0;30203756;30204667
0;0;24265778;24266472
1;0;158317172;158318066
2;139814;1221452;118248508
3;0;35101927;35102664
4;0;19652469;19653018
5;0;24954919;24955634
6;44;2821155;22520937
7;0;60176043;60177071
8;0;61796567;61797289
9;0;208991044;208992145
10;31;1379721;34005506
11;0;25659146;25660271
12;0;151908194;151908970
13;0;32670505;32671340
14;0;30390602;30391411
15;0;105388858;105389526
16;0;118507970;118508834
17;0;34150353;34151026
18;0;19385235;19385925
19;12794;1037369;113680740
20;0;79001892;79002701
21;0;30820115;30821070
22;0;21045386;21046061
23;0;48217909;48218970
24;0;21061058;21061766
25;0;68637480;68638219
26;2;9980010;27266267
27;0;51745372;51746172
28;0;48509474;48510178
29;0;20874114;20874783
30;0;22310238;22310849
31;0;50995321;50996058
32;0;267466510;267467353
33;0;28138307;28138702
34;0;264927684;264928682
35;0;66760265;66760994
36;2665;1074630;40852334
37;0;61866948;61867647
38;0;130346447;130347238
39;0;151723572;151724588
40;0;78908873;78909523
41;0;41647546;41648374
42;0;152188131;152188875
43;0;103490850;103491588
44;0;89978874;89979652
45;0;121196247;121197007
46;0;34708260;34709025
47;0;28666696;28667383
48;0;67206150;67207035
49;0;30012021;30012591
0;0;23966990;23967538
1;0;154330578;154331281
2;139814;1050503;118077834
3;0;35090366;35091098
4;0;19398659;19420692
5;0;24937450;24940247
6;44;2697690;22364572
7;0;59799848;59800605
8;0;61595006;61595512
9;0;211898925;211899353
10;31;1222194;34070607
11;0;25466362;25466882
12;0;148340598;148341169
13;0;32429006;32429561
14;0;30235923;30236307
15;0;105819886;105820335
16;0;116604344;116604843
17;0;33944703;33945129
18;0;19374478;19374965
19;12794;918691;112562683
20;0;79256563;79257219
21;0;31031495;31031888
22;0;27261512;27262109
23;0;57736023;57736493
24;0;21042374;21042722
25;0;68485260;68485789
26;2;9797974;26971902
27;0;51193162;51193635
28;0;48290205;48290718
29;0;20795848;20796300
30;0;21969519;21969832
31;0;50888301;50888967
32;0;268791476;268792040
33;0;28190443;28190954
34;0;265499813;265500300
35;0;67023567;67023974
36;2665;1109854;40826734
37;0;61376006;61376446
38;0;131391923;131392628
39;0;152458250;152458873
40;0;79236203;79236582
41;0;41280856;41281435
42;0;152447979;152448676
43;0;115809438;115810005
44;0;91464416;91464913
45;0;121153540;121154096
46;0;34703227;34703651
47;0;28689097;28689600
48;0;67377081;67377525
49;0;29772200;29772734
0;0;23983966;23984300
1;0;154923580;154924022
2;139814;974654;118363743
3;0;34812094;34812597
4;0;19492071;19492353
5;0;24713973;24714231
6;44;2594737;22273286
7;0;62866003;62866730
8;0;61580987;61581587
9;0;207995928;207996511
10;31;1063296;33758528
11;0;25344202;25344774
12;0;149209683;149210238
13;0;32575100;32575623
14;0;30376147;30376603
15;0;105214139;105214795
16;0;118355369;118355835
17;0;34040012;34040684
18;0;19270259;19270701
19;12794;729651;112870296
20;0;78565420;78565938
21;0;30759901;30760538
22;0;21030819;21031204
23;0;47956122;47956484
24;0;20733067;20733450
25;0;68744178;68744712
26;2;9615475;26834132
27;0;50932889;50933538
28;0;48431326;48431636
29;0;20895768;20896185
30;0;22202360;22202755
31;0;51296226;51296831
32;0;270316004;270316519
33;0;28017130;28017610
34;0;261559083;261559653
35;0;66889212;66889743
36;2665;963007;40810742
37;0;61666162;61666936
38;0;132750279;132750737
39;0;151554421;151555087
40;0;79111782;79112361
41;0;41105302;41105794
42;0;152293828;152294304
43;0;101760914;101761528
44;0;92700591;92701064
45;0;121097025;121097517
46;0;34831338;34831912
47;0;28925702;28926156
48;0;67424756;67425161
49;0;30275245;30275784
