0;0;384110847;384116032
1;0;135454380;135458766
2;0;9274376471;9274381764
3;0;1407700952;1407706235
4;0;139426731;139430611
0;0;2447503;2450640
1;0;2293653;2296453
2;0;80914589;80919972
3;0;5045011;5047755
4;0;1743121;1745502
0;0;1663168;1665391
1;0;1584951;1587316
2;0;34545973;34550185
3;0;4305362;4307470
4;0;1423906;1425927
0;0;1476094;1478153
1;0;1696546;1698890
2;0;31792738;31796430
3;0;4236577;4238899
4;0;1467007;1469073
0;0;1348023;1350059
1;0;1292672;1294818
2;0;30810212;30814777
3;0;4171035;4173428
4;0;1940225;1943099
