0;0;885557461;885562710
1;0;32834465062;32834470696
2;0;27463329293;27463335166
3;0;264345168;264349008
4;0;423060043;423064213
0;0;86323698;86327775
1;0;1862846408;1862851191
2;0;213835870;213840755
3;0;1905846;1908015
4;0;1912382;1914580
0;0;1738954;1741076
1;0;81002527;81007694
2;0;229346379;229350833
3;0;1983863;1986039
4;0;1972126;1974413
0;0;1779266;1781349
1;0;64118830;64123310
2;0;233303777;233308845
3;0;1887866;1890266
4;0;1851370;1853645
0;0;1733156;1735356
1;0;64047312;64051461
2;0;213876136;213880195
3;0;1840057;1842170
4;0;1815787;1818102
