0;0;1454660716;1454666500
1;0;214920583;214925440
2;0;62501204;62505781
3;0;85161606;85165980
4;0;91513424;91518001
5;0;585566690;585572394
6;5;37437752;754656944
7;52;40337214;516418661
8;0;58314747;58319634
9;588;3268030;506906625
10;0;81100852;81102557
11;46004;14108294;2696357490
12;32350;33869648;3498206724
13;0;762669780;762698532
14;79633;20663077;22183773265
15;8;814631221;857326256
16;0;42916671;42926027
17;0;459850734;459851474
18;0;11706837884;11706838728
19;0;416507094;416507810
20;0;183015515;183016330
21;7;28969530;90292809
22;0;609912653;609913491
23;0;81221417;81222090
24;0;49726256;49726929
25;0;2277850191;2277851091
26;0;348588996;348589843
27;0;787899610;787900361
28;0;76653448;76654104
29;71;12166723;1652996776
30;11;34079430;1228710056
31;0;76785080;76785750
32;26;11106766;54195841
33;0;1441251474;1441252334
34;334;30015181;1431286478
35;0;153038986;153039669
36;14;6543650;75738803
37;1957;2067452;1259796458
38;858;2580292;421707597
39;0;80539225;80539868
40;0;84635786;84636539
41;1;2181695428;2208373760
42;0;1080843944;1080844709
43;0;222940149;222940909
44;0;352578563;352579140
45;1;1392578674;4356743951
46;0;31570655;31571537
47;0;61363846;61364470
48;0;283810360;283811296
49;16;22827983;163354906
0;0;133255203;133255965
1;0;81066097;81067112
2;0;39191854;39192517
3;0;54638059;54638734
4;0;33883994;33884686
5;0;37877723;37878446
6;5;3513469;45474240
7;52;4596897;66542321
8;0;30380512;30381256
9;588;1560244;49972199
10;0;36770015;36770648
11;46004;2118612;720008331
12;32350;1988600;476924955
13;0;109913317;109914340
14;79633;2098469;2015692433
15;8;107831719;110783830
16;0;34261433;34262077
17;0;32958999;32959639
18;0;814940420;814941197
19;0;121623541;121624458
20;0;89759350;89760110
21;7;5570717;26330977
22;0;95097651;95098373
23;0;31591626;31592361
24;0;48987326;48987975
25;0;97897373;97898234
26;0;44382821;44383473
27;0;112687932;112688546
28;0;54188014;54188717
29;71;1435695;40897528
30;11;2007324;169824507
31;0;46738019;46738765
32;26;2174648;38734996
33;0;173077035;173077644
34;334;1658621;31244960
35;0;40560571;40561230
36;14;4997515;41556186
37;1957;1485430;255947878
38;858;1541809;34806361
39;0;58422041;58422766
40;0;42540814;42541464
41;1;264055809;265879067
42;0;194891354;194891998
43;0;26729161;26729846
44;0;262095339;262095981
45;1;55337228;120902636
46;0;23617114;23637526
47;0;36917157;36917629
48;0;26989715;26990188
49;16;7598787;67999737
0;0;133659670;133660096
1;0;74473149;74473646
2;0;33630810;33631426
3;0;54439500;54440404
4;0;35198214;35198800
5;0;37397539;37397960
6;5;3510589;36771424
7;52;3392380;57998760
8;0;31540417;31540967
9;588;1317241;49615189
10;0;34221557;34222051
11;46004;1769667;707359885
12;32350;1281172;474707166
13;0;101783004;101783590
14;79633;1354509;2003501050
15;8;112285204;115239555
16;0;33930123;33930775
17;0;31130449;31131002
18;0;797825101;797825560
19;0;115621643;115622177
20;0;85342930;85343370
21;7;5303189;26181393
22;0;93218619;93219341
23;0;31484364;31484976
24;0;55591696;55592228
25;0;101824665;101825225
26;0;42806471;42807095
27;0;112774721;112775182
28;0;54247455;54247987
29;71;1202567;42197411
30;11;1722129;168832399
31;0;46604103;46604612
32;26;1859400;38583520
33;0;182199358;182199788
34;334;1495573;29558407
35;0;41995931;41996374
36;14;4652130;41273314
37;1957;1293337;245727385
38;858;1326466;36287383
39;0;58165672;58166109
40;0;40542376;40542915
41;1;263397061;265213994
42;0;194587000;194587541
43;0;27949632;27949999
44;0;258677022;258677399
45;1;55054041;120495174
46;0;23375052;23375459
47;0;44980193;44980677
48;0;27938592;27939046
49;16;7427424;67876938
0;0;142086721;142087105
1;0;73837885;73838447
2;0;33328906;33329423
3;0;56003751;56004241
4;0;33482892;33483367
5;0;37296195;37296739
6;5;3046419;36189710
7;52;4828464;59461228
8;0;29740144;29740700
9;588;1329234;51605854
10;0;34417278;34417732
11;46004;1571832;707117870
12;32350;1108009;472842350
13;0;99716805;99717299
14;79633;1108824;1973022705
15;8;107265044;111935648
16;0;33823836;33824422
17;0;31088988;31090623
18;0;799221912;799222260
19;0;115100320;115100560
20;0;85486746;85487019
21;7;5175556;25937548
22;0;93038740;93039084
23;0;33007773;33008140
24;0;46798678;46798897
25;0;99215734;99216063
26;0;42257482;42257915
27;0;112303988;112304259
28;0;53759154;53759452
29;71;1192052;40698372
30;11;1688978;167830069
31;0;55509274;55509698
32;26;1992031;40042301
33;0;173158999;173159272
34;334;1322565;29383332
35;0;42155320;42155826
36;14;4603015;41035253
37;1957;1152147;252251833
38;858;1349666;37345579
39;0;58020986;58021375
40;0;48447225;48447561
41;1;268543199;270394944
42;0;194287453;194287726
43;0;26316545;26316891
44;0;272977325;272977619
45;1;53404166;120813343
46;0;23205496;23205795
47;0;34813006;34813398
48;0;28199051;28199284
49;16;7300481;67985678
0;0;133698561;133698831
1;0;72317443;72317815
2;0;34599657;34599941
3;0;54265667;54266037
4;0;33272172;33272456
5;0;39217654;39217910
6;5;2999160;36051526
7;52;3082417;57697612
8;0;29734145;29734507
9;588;1007351;51064081
10;0;33958464;33958728
11;46004;1514770;711115425
12;32350;1023553;481231569
13;0;105743701;105744127
14;79633;1234177;1968190456
15;8;108964934;111909235
16;0;33606516;33606864
17;0;30791147;30791660
18;0;810635150;810635427
19;0;115307406;115307691
20;0;83818228;83818656
21;7;5063779;25905889
22;0;94709406;94709693
23;0;31291955;31292320
24;0;48641478;48641694
25;0;98079179;98079515
26;0;42226425;42226997
27;0;112138552;112138809
28;0;53831007;53831297
29;71;1001614;42198281
30;11;1538537;168273150
31;0;46282164;46282484
32;26;1669945;38362690
33;0;173044601;173044865
34;334;1210624;30938008
35;0;40161839;40162246
36;14;4429198;41044759
37;1957;1025193;246287788
38;858;1063852;34278294
39;0;57949560;57949960
40;0;40433911;40434214
41;1;264119855;265954967
42;0;205804716;205805194
43;0;26185875;26186106
44;0;260742773;260743147
45;1;53531421;120968279
46;0;23306659;23306953
47;0;34850427;34850688
48;0;26813121;26813735
49;16;7226301;69380777
