0;821;331782941;467598238
1;0;193186033;193188010
2;0;12246744246;12246746757
3;0;92864871;92866558
4;324;9195713;397782891
5;129211;62516713;2193812568
6;0;45022870;45065098
7;0;81939013;81953313
8;0;78451283;78453716
9;0;182781616;182784544
10;0;90768115;90770163
11;0;12637585252;12637588749
12;0;61327437;61339310
13;0;74867078;74869405
14;0;28973255;28975274
15;0;3506579337;3506582710
16;0;110506468;110529771
17;0;90302236;90329914
18;0;267000821;267001892
19;0;4061628941;4061630301
20;0;67285433;67286956
21;0;45585896;45586920
22;0;141580932;141582182
23;0;2513454911;2513456431
24;0;8513581446;8513582838
25;0;52381960;52383472
26;0;100359321;100360462
27;0;499373427;499374505
28;0;61152452;61153579
29;176;17167154;82287950
30;0;981681281;981682571
31;0;402455023;402456413
32;0;150266588;150267697
33;0;53780395;53781546
34;0;68196174;68197206
35;0;72667440;72668643
36;0;1090165814;1090167346
37;0;55476139;55477234
38;0;133838075;133839285
39;0;674730373;674731721
40;0;529961351;529962918
41;0;29885007;29886074
42;0;66611468;66612558
43;0;2406701944;2406713150
44;0;248647684;248648741
45;0;97126361;97127636
46;0;86457851;86458900
47;0;35562316;35563309
48;0;138419373;138420344
49;0;3468671449;3468672475
