0;0;1982727288;1982733214
1;0;2780991355;2780995392
2;0;11217331148;11217336661
3;0;112579050;112583080
4;0;35101382;35104916
0;0;6072040;6074747
1;0;7872542;7875130
2;0;38007709;38012095
3;0;3958089;3960366
4;0;1733424;1735363
0;0;4296210;4298405
1;0;6045294;6047480
2;0;33821896;33825835
3;0;3866759;3868684
4;0;1637391;1639598
0;0;4228395;4230534
1;0;6364243;6366716
2;0;33407649;33411837
3;0;3753331;3755496
4;0;1555216;1557230
0;0;4183148;4185355
1;0;6023181;6025497
2;0;35091228;35095332
3;0;3715234;3717380
4;0;1519586;1521829
