0;0;7227462775;7227468745
1;0;45505935281;45505940511
2;0;44789970283;44789975943
3;0;73860497660;73860503610
4;0;430949804;430953581
0;0;11951769883;11951777186
1;0;57254382539;57254388109
2;0;80116931841;80116938671
3;0;timeout;timeout
4;0;3208188;3211465
0;0;13477853;13480967
1;0;75643358;75648742
2;0;86750775;86755204
3;0;164283234217;164283240191
4;0;58076316;58080479
0;0;19417958;19420989
1;0;257216231;257221614
2;0;136991130;136996130
3;0;1774249846;1774255354
4;0;2144298;2146495
0;0;16526301;16529155
1;0;123146796;123151702
2;0;136707699;136712134
3;0;1809624426;1809629005
4;0;1929382;1931552
