0;408;238718891;409889406
1;0;35675702;35677853
2;0;45985207;45987578
3;0;27193051;27195079
4;384;2339800;21241880
5;0;19441179;19442920
6;6794;7710391;95773199
7;0;60923466;60941969
8;627;2155922;15882314
9;301;2165950;43287274
10;0;160451314;160453074
11;0;14217380;14219820
12;0;21842151;21843844
13;0;12343071;12344306
14;0;9737606;9738741
15;0;8542318;8543476
16;275;1736076;5520038
17;0;11686524;11687769
18;0;14154930;14156038
19;764;1678950;15611242
20;0;13304544;13305815
21;0;6853112;6854180
22;23;1470507;5395254
23;0;56146709;56163057
24;0;13823043;13824686
25;0;12920146;12921245
26;0;5858088;5859126
27;0;8090039;8091093
28;1;50759396;56867122
29;0;21503935;21505455
30;0;19836034;19837124
31;0;36555977;36557459
32;0;4937940;4939032
33;0;8530108;8531108
34;0;189332624;189334407
35;0;40832751;40834322
36;0;7504362;7505357
37;0;197029574;197032146
38;0;5123800;5124908
39;0;5818250;5819304
40;0;7242661;7243652
41;0;5891949;5892902
42;0;4449198;4450196
43;0;18719194;18720618
44;9304;1411030;74636804
45;0;16619089;16626274
46;0;130292510;130294508
47;0;8925966;8927062
48;0;11703390;11704426
49;0;12181730;12182725
