0;0;57367106525;57367113051
1;0;344580979;344585023
2;0;478359352;478363102
3;0;400971511;400974917
4;0;55559724;55563507
0;0;360276299;360282584
1;0;4907261;4909590
2;0;3750186;3752567
3;0;3891221;3893261
4;0;2703612;2705701
0;0;316227021;316232174
1;0;3884773;3886912
2;0;2953215;2955455
3;0;3159377;3161360
4;0;2382934;2384882
0;0;287835773;287841015
1;0;3516303;3518456
2;0;2895132;2897243
3;0;3185905;3188109
4;0;2368439;2370482
0;0;287495504;287500634
1;0;3808080;3810341
2;0;2878544;2880613
3;0;3008473;3010701
4;0;2318253;2320335
