0;0;401658869;401663930
1;0;35967893;35972427
2;0;41737252;41741913
3;0;22136188;22140710
4;0;29051111;29056163
5;0;48005904;48010974
6;0;43113520;43118683
7;0;37722363;37727907
8;0;27802824;27807125
9;0;30560571;30565030
10;0;84651833;84656339
11;0;17200819;17204129
12;0;15647672;15650719
13;0;31340684;31345535
14;0;13830821;13834249
15;0;12563981;12567306
16;0;7916646;7919204
17;0;27743645;27748448
18;0;10963335;10966648
19;0;10986975;10990450
20;0;13714604;13718219
21;0;8072749;8075418
22;0;8312701;8315595
23;0;10979102;10982194
24;0;205173832;205179289
25;0;9809815;9813144
26;0;6481172;6484154
27;0;9494589;9497260
28;0;11627183;11629623
29;0;11018647;11021377
30;0;8328863;8331282
31;0;14500267;14502667
32;0;8533353;8535779
33;0;8523618;8526018
34;0;6805274;6807695
35;0;18533256;18536098
36;0;6928100;6930490
37;0;5372336;5374738
38;0;38791608;38795130
39;0;8178958;8181870
40;0;7603090;7605788
41;0;19725384;19728270
42;0;8576264;8578864
43;0;12809303;12811993
44;0;47278458;47281392
45;0;8573801;8576311
46;0;11452267;11454832
47;0;8972453;8974869
48;0;5969639;5971957
49;0;21712751;21715968
