0;0;66212613125;66212618934
1;11859;29705415;41509371336
2;0;6911779831;6911783686
3;0;1065405465;1065408095
4;70;63499564;timeout
0;0;626699925;626702807
1;11859;3546985;550099168
2;0;152675589;152677496
3;0;9631774;9633005
4;70;7287283;166224321776
0;0;326739896;326741583
1;11859;3233812;375451439
2;0;66776351;66777914
3;0;8070456;8071569
4;70;4265675;21117781399
0;0;301904631;301906250
1;11859;2792297;348179623
2;0;65419241;65420658
3;0;7709465;7710493
4;70;3916743;18564484902
0;0;302609578;302611235
1;11859;2819666;347720472
2;0;65213810;65215678
3;0;7669700;7670870
4;70;3838896;18144425155
