0;0;487480629;487485163
1;0;15044787;15047543
2;0;1935549575;1935553439
3;0;1672231711;1672236761
4;0;185503524;185506882
0;0;12329177;12332044
1;0;6855019;6857872
2;0;576852324;576857423
3;0;765118637;765123653
4;0;4240732;4243038
0;0;2676912;2679032
1;0;1924174;1926477
2;0;251858736;251862966
3;0;643668743;643674186
4;0;3918473;3920753
0;0;2265255;2267488
1;0;1770199;1772187
2;0;253146559;253150860
3;0;688469338;688473472
4;0;4331288;4333506
0;0;2406039;2407948
1;0;1830953;1832868
2;0;323108248;323112796
3;0;739518782;739524149
4;0;3715444;3717519
