0;0;367712280;367717207
1;0;27714771;27718517
2;0;155382208;155387080
3;0;25950048;25954149
4;0;23094306;23098673
5;0;53095743;53100331
6;0;18325812;18329882
7;0;14314375;14317507
8;0;86874664;86878963
9;0;45889659;45893783
10;0;11130255;11132822
11;0;10578033;10581438
12;0;11433726;11436658
13;0;14917021;14920713
14;0;11351900;11354566
15;0;10695724;10698284
16;0;72455160;72459738
17;0;20751479;20755591
18;0;77763476;77767937
19;0;16315707;16318488
20;0;18508450;18511290
21;0;103483703;103487959
22;0;33325258;33330053
23;0;7870300;7872766
24;0;9161954;9164467
25;0;11602358;11604908
26;0;12544112;12546734
27;0;8526605;8529097
28;0;22732435;22735419
29;0;13803687;13806350
30;0;22297141;22300548
31;0;55010925;55015453
32;0;13709098;13712067
33;0;11509413;11512046
34;0;7642269;7644643
35;0;16062264;16065612
36;0;23232166;23235730
37;0;10112318;10114733
38;0;12527348;12529943
39;0;9183310;9186004
40;0;9069031;9071641
41;0;12406823;12409435
42;0;8873022;8875716
43;0;41724849;41729456
44;0;196874405;196879158
45;0;8816746;8819189
46;0;6916427;6918761
47;0;7205082;7207764
48;0;9177006;9179620
49;0;11132330;11134993
