0;0;452186641;452191427
1;0;166386265;166391345
2;0;233497774;233502791
3;0;69515932;69521473
4;0;43004580;43009281
5;0;384499070;384503917
6;0;24196754;24200274
7;0;25819007;25822557
8;0;60523648;60528314
9;0;79281398;79286061
10;0;34530905;34535028
11;0;39422626;39427270
12;0;64107299;64112398
13;0;89686329;89690599
14;0;68006720;68011360
15;0;28725682;28729752
16;0;51715848;51720940
17;0;27340136;27344546
18;0;36037312;36041074
19;0;86237794;86242288
20;0;40479690;40484483
21;0;69126684;69131557
22;0;42944709;42950479
23;0;25299269;25303987
24;0;50528443;50532573
25;0;97812748;97817520
26;0;73168942;73173180
27;0;41068717;41072943
28;0;24808296;24811724
29;0;44756097;44760629
30;0;220334232;220339712
31;0;81786013;81790911
32;0;178808063;178812616
33;0;41757886;41762271
34;0;26814946;26818346
35;0;588548699;588553405
36;0;846688963;846694896
37;0;27531714;27534874
38;0;143681400;143687350
39;0;25147424;25151587
40;0;28691592;28696133
41;0;790344845;790351158
42;0;28655776;28659524
43;0;48701508;48706014
44;0;111674831;111680407
45;0;21646628;21649266
46;0;20205107;20208020
47;0;115988056;115992906
48;0;68703963;68709207
49;0;27736808;27740886
