0;0;837881742;837887368
1;0;484587969;484592235
2;0;56392209;56396092
3;0;140805041;140809948
4;0;152177093;152181959
0;0;35947599;35951634
1;0;15571913;15574908
2;0;2816452;2818728
3;0;19127904;19130803
4;0;17448861;17452517
0;0;14110605;14113577
1;0;7749117;7751505
2;0;2031491;2033729
3;0;13645521;13648806
4;0;16886862;16889876
0;0;15447683;15450487
1;0;7430501;7432887
2;0;1872660;1875084
3;0;13387819;13390217
4;0;16127689;16130489
0;0;13457624;13459906
1;0;7236225;7238722
2;0;1883828;1886075
3;0;21597921;21602352
4;0;16285591;16288377
