0;0;460284624;460289855
1;0;169224319;169228884
2;0;116623574;116627715
3;0;106787130;106791471
4;0;87685603;87689836
5;0;288261818;288267218
6;0;369088427;369092921
7;0;50419463;50423392
8;0;57142243;57146770
9;0;70843345;70847726
10;0;315699855;315704581
11;0;96864017;96868681
12;0;39190669;39194761
13;0;63892203;63897088
14;0;55152287;55156562
15;0;47986806;47991526
16;0;50855028;50859854
17;0;73499243;73504777
18;0;371585362;371590948
19;22;34705878;385625136
20;0;354253798;354259401
21;0;350991693;350996540
22;0;346916105;346921642
23;0;52559043;52563875
24;0;1092663748;1092668826
25;0;72446100;72450825
26;0;60099603;60103690
27;0;148199402;148204648
28;0;1435806309;1435812226
29;0;189675274;189680934
30;0;329510985;329517118
31;0;50507366;50512162
32;0;64472574;64477807
33;0;39215845;39220513
34;0;80722232;80727141
35;0;30384399;30388994
36;0;121997942;122002694
37;0;40822627;40826965
38;0;26036160;26040123
39;0;282879833;282885820
40;0;81219800;81224779
41;0;328454393;328463219
42;0;1389510755;1389518912
43;0;213803982;213809979
44;0;51998834;52004194
45;0;32726614;32730991
46;0;56277243;56281859
47;0;302411792;302417552
48;0;77639395;77644050
49;0;312886805;312891794
0;0;33851271;33855645
1;0;36838249;36842583
2;0;43067930;43072201
3;0;45024334;45028379
4;0;39180077;39184035
5;0;83582796;83587396
6;0;203772271;203777094
7;0;41841575;41846379
8;0;44579908;44584082
9;0;34034290;34038163
10;0;155525730;155530142
11;0;31451233;31456139
12;0;25968441;25972773
13;0;51989650;51994591
14;0;34469875;34474473
15;0;25791844;25795670
16;0;32532357;32536106
17;0;46367667;46371460
18;0;44094481;44099432
19;22;2497565;63393095
20;0;61527448;61531255
21;0;51325389;51329876
22;0;32712718;32717071
23;0;31385148;31388984
24;0;177318784;177323860
25;0;56750524;56754717
26;0;55032074;55036373
27;0;37781573;37785410
28;0;79638251;79643350
29;0;56954466;56958306
30;0;50077173;50080815
31;0;26232404;26235823
32;0;41818970;41823822
33;0;28695518;28699763
34;0;28575252;28599786
35;0;23851229;23856566
36;0;25220687;25223186
37;0;27235173;27237900
38;0;24455000;24457003
39;0;47626605;47629327
40;0;68350003;68352826
41;0;53675960;53678400
42;0;53603503;53606131
43;0;86625099;86627939
44;0;34635475;34637939
45;0;30494040;30496588
46;0;34078661;34081244
47;0;45646719;45649785
48;0;22465885;22468151
49;0;100055175;100058191
0;0;25201254;25203743
1;0;30197204;30199642
2;0;41167351;41170039
3;0;44973038;44975744
4;0;38790207;38792765
5;0;84408714;84411163
6;0;201477932;201504572
7;0;42694998;42697193
8;0;43877647;43879299
9;0;33337405;33339150
10;0;154392002;154394289
11;0;30492122;30493908
12;0;25287098;25288724
13;0;50979344;50980958
14;0;34127912;34130171
15;0;25248334;25249694
16;0;31396025;31397788
17;0;45608343;45609992
18;0;43008735;43010354
19;22;1845023;60305862
20;0;60830266;60831802
21;0;50351731;50353515
22;0;32363532;32365294
23;0;32521749;32523853
24;0;175942449;175944428
25;0;57719070;57721176
26;0;54653009;54655265
27;0;37628727;37631177
28;0;78005661;78027786
29;0;57805757;57807578
30;0;49538124;49539682
31;0;25862778;25864712
32;0;41532105;41542778
33;0;28214303;28215981
34;0;28006987;28008352
35;0;23069279;23070176
36;0;23289308;23290398
37;0;28344818;28346011
38;0;24321277;24322755
39;0;47147766;47149333
40;0;67809769;67811421
41;0;54980655;54982239
42;0;51701908;51703372
43;0;86287169;86288708
44;0;34362595;34364079
45;0;30028377;30029662
46;0;35202685;35204349
47;0;45435164;45436778
48;0;22338398;22340434
49;0;98447565;98449419
0;0;25099543;25100978
1;0;31547609;31549216
2;0;41103072;41105152
3;0;44290646;44292314
4;0;38383496;38385172
5;0;83784017;83785850
6;0;202950261;202951771
7;0;41289954;41291133
8;0;44137618;44139441
9;0;33580692;33581927
10;0;155127784;155129579
11;0;30366701;30368167
12;0;25215717;25217016
13;0;52495469;52497445
14;0;33748125;33749560
15;0;25087771;25089117
16;0;31415558;31416793
17;0;45440406;45441576
18;0;43096370;43097770
19;22;1738314;59017202
20;0;61229465;61231410
21;0;52331907;52333848
22;0;32060269;32062024
23;0;30943529;30944684
24;0;177412881;177415192
25;0;56460230;56462557
26;0;54418225;54420091
27;0;38443016;38445072
28;0;77624735;77626164
29;0;56412232;56413806
30;0;50511918;50514631
31;0;25887227;25888827
32;0;41283689;41285435
33;0;28384602;28386480
34;0;27911997;27913286
35;0;30897426;30898969
36;0;26296384;26298069
37;0;27363484;27365409
38;0;24301501;24303148
39;0;47083693;47085474
40;0;69500393;69502334
41;0;53413921;53416448
42;0;51957605;51959339
43;0;87851481;87854575
44;0;34438464;34440322
45;0;30133776;30135439
46;0;40719460;40722377
47;0;53029592;53031692
48;0;22536513;22538565
49;0;100108338;100111126
0;0;25049710;25051392
1;0;29889160;29890716
2;0;40811015;40813147
3;0;52003507;52006436
4;0;44059514;44061796
5;0;82698799;82700921
6;0;203980340;203983008
7;0;41101119;41103232
8;0;43936525;43938631
9;0;39115574;39118466
10;0;159951798;159954774
11;0;30171157;30172940
12;0;25182943;25184727
13;0;55473434;55476328
14;0;41756623;41758569
15;0;28239662;28241807
16;0;31665483;31667511
17;0;49180157;49182847
18;0;49878090;49880601
19;22;1647557;58911412
20;0;61921664;61924264
21;0;49987864;49990452
22;0;31877166;31878876
23;0;36814017;36816572
24;0;183298583;183301818
25;0;56084087;56086687
26;0;66769208;66772234
27;0;38065232;38067277
28;0;79179306;79182132
29;0;56414218;56416329
30;0;51093038;51096063
31;0;25923264;25925097
32;0;41665661;41667595
33;0;28186157;28188216
34;0;29489620;29492074
35;0;22943057;22944589
36;0;23163080;23165225
37;0;26755947;26757890
38;0;25465835;25468393
39;0;46916537;46918700
40;0;69757039;69759265
41;0;53064836;53066968
42;0;51733230;51735148
43;0;88455217;88458130
44;0;35763362;35765487
45;0;30086411;30088258
46;0;33628023;33630068
47;0;45357115;45359107
48;0;23646695;23649057
49;0;101845163;101848053
