0;0;21908041181;21908047495
1;0;3991611589;3991616677
2;0;28324790;28328156
3;0;1358535287;1358553530
4;0;19209204;19213117
0;0;40441685;40445885
1;0;11851763;11855041
2;0;1627645;1629868
3;0;3718199;3720865
4;0;1543963;1546186
0;0;32615653;32620077
1;0;10159840;10163934
2;0;1556254;1558235
3;0;3342309;3344644
4;0;1323824;1326002
0;0;31911005;31915400
1;0;10048048;10051050
2;0;1417000;1418943
3;0;3252858;3255185
4;0;1306670;1308793
0;0;33369398;33373708
1;0;10280489;10285948
2;0;1489981;1492151
3;0;3184095;3186370
4;0;1304633;1306826
