0;0;458354578;458359128
1;0;449834251;449838938
2;0;18035595;18039546
3;0;1767627066;1767632160
4;0;13832868;13835657
0;0;14288149;14290552
1;0;143904900;143910109
2;0;4431604;4434181
3;0;1491972742;1491977584
4;0;4576920;4579171
0;0;4997293;4999703
1;0;118467819;118472669
2;0;3502860;3505083
3;0;1496698697;1496703643
4;0;3839675;3842002
0;0;4100035;4102463
1;0;89886537;89891352
2;0;2982963;2985304
3;0;1496901066;1496905577
4;0;4353161;4355326
0;0;3983146;3985602
1;0;119724558;119728802
2;0;3312816;3315026
3;0;1515077287;1515081855
4;0;3731527;3733774
