0;0;350593272;350598046
1;0;98760988;98765247
2;0;38123597;38128221
3;0;20602151;20605972
4;0;41506185;41511865
5;0;45787371;45792651
6;0;139839302;139843784
7;0;13050779;13053944
8;0;29319726;29324599
9;0;17307821;17312210
10;0;197223361;197228403
11;0;11939499;11942502
12;0;20680050;20684024
13;0;15310549;15313977
14;0;8165566;8168290
15;0;10128399;10130999
16;0;11680751;11683586
17;0;17571460;17574474
18;0;52846645;52851038
19;0;38274576;38279072
20;0;20118578;20121856
21;0;26100232;26104937
22;0;8433252;8435663
23;0;9467950;9470456
24;0;52211713;52215250
25;0;32749166;32753189
26;0;13391375;13394080
27;0;21609570;21612549
28;0;36275525;36279318
29;0;8514865;8517428
30;0;74506752;74511152
31;0;142742197;142746922
32;0;20043284;20046237
33;0;7500699;7503245
34;0;14583314;14585914
35;0;20166133;20169795
36;0;15087297;15090099
37;0;8930398;8933005
38;0;16221311;16224024
39;0;6059406;6061766
40;0;4701338;4703775
41;0;7118719;7121197
42;0;8737076;8739688
43;0;10220596;10222989
44;0;11790242;11793045
45;0;12204585;12206792
46;0;10345373;10347923
47;0;11835870;11838458
48;0;13139464;13142221
49;0;6031592;6034131
