0;0;645490394;645495441
1;0;1151416504;1151421280
2;0;8376062;8378625
3;0;5713136;5715607
4;0;8860812;8863381
0;0;48055292;48059927
1;0;324193172;324198714
2;0;3499172;3501377
3;0;3396161;3398384
4;0;4616506;4618943
0;0;13663429;13665982
1;0;263463571;263468131
2;0;3042227;3044408
3;0;2774744;2776874
4;0;3967818;3970336
0;0;12255324;12257811
1;0;259788403;259793177
2;0;2766941;2769049
3;0;2643943;2646101
4;0;3874722;3877216
0;0;14650971;14653573
1;0;298747873;298752701
2;0;2694471;2696572
3;0;2460894;2462877
4;0;3609723;3612137
