0;0;458649360;458654313
1;0;474641398;474646021
2;139814;15799473;227999072
3;0;45888651;45902482
4;0;19841455;19842304
5;0;31774438;31775800
6;44;12801895;155832650
7;0;72186995;72188150
8;0;94596353;94597287
9;0;236128629;236130039
10;31;9398642;73560055
11;0;157943251;157944525
12;0;266007976;266009353
13;0;31907989;31909012
14;0;230554513;230555658
15;0;109114871;109115994
16;0;119684087;119685611
17;0;33502319;33503491
18;0;49389870;49390950
19;12794;2309884;122104427
20;0;84716398;84734318
21;0;30341487;30344085
22;0;32899977;32902172
23;0;110692580;110696028
24;0;147940313;147942976
25;0;122338743;122341691
26;2;35098249;58459050
27;0;632967358;632970988
28;0;100580162;100583374
29;0;29105254;29107661
30;0;36616659;36619236
31;0;82317893;82321676
32;0;280749228;280752294
33;0;34079472;34082001
34;0;573889023;573891892
35;0;68623640;68626290
36;2665;7656100;55933838
37;0;84205358;84232243
38;0;171288219;171289560
39;0;157173358;157174678
40;0;504193151;504194475
41;0;106419566;106420787
42;0;177322951;177324045
43;0;220217033;220218414
44;0;151598617;151599965
45;0;178613792;178614988
46;0;56786556;56787744
47;0;28361044;28362075
48;0;122726447;122727701
49;0;30407548;30408997
