0;0;466493045;466497527
1;0;347719430;347724352
2;0;455182262;455187539
3;0;686538106;686543958
4;0;890929651;890933738
0;0;146934986;146939369
1;0;1442731447;1442736013
2;0;99800991;99805789
3;0;211802166;211807349
4;0;68025571;68029541
0;0;2562997;2565256
1;0;6743247;6745553
2;0;80216591;80220635
3;0;255125908;255130936
4;0;67649286;67653813
0;0;2342078;2344245
1;0;6643741;6645988
2;0;74540916;74545535
3;0;212132095;212136789
4;0;67792439;67797046
0;0;2352818;2355112
1;0;6507708;6510054
2;0;74197237;74201564
3;0;192806484;192811206
4;0;70897045;70901908
