0;0;523144551;523149094
1;0;56398436;56402603
2;0;66237428;66242125
3;0;141553818;141558140
4;0;3681072;3683597
0;0;8542731;8545133
1;0;5482137;5484514
2;0;9894812;9897433
3;0;63526828;63530746
4;0;2383253;2385575
0;0;7482991;7485582
1;0;4835600;4837781
2;0;9013154;9015693
3;0;80118143;80123700
4;0;2556000;2558742
0;0;6896013;6898871
1;0;4477704;4480492
2;0;7672424;7675233
3;0;37759921;37764507
4;0;1957313;1959476
0;0;4953531;4955709
1;0;3374156;3376351
2;0;5828771;5831046
3;0;29608471;29612481
4;0;1805980;1808110
