0;0;657178145;657184343
1;0;988896587;988901684
2;0;110887912;110892785
3;0;263667433;263672836
4;0;66761871;66766123
5;0;1145376713;1145381824
6;0;176013561;176017764
7;0;846318869;846324115
8;0;63615705;63620035
9;0;52189667;52194095
10;0;524297433;524303266
11;0;35883775;35887928
12;0;219835117;219840552
13;0;102598449;102603163
14;0;43567664;43572219
15;0;94853698;94858330
16;0;25426311;25429626
17;0;295784059;295789061
18;0;55484987;55489931
19;0;321955356;321961076
20;0;47460188;47464506
21;0;32444397;32448505
22;0;247260375;247265382
23;0;168863992;168869439
24;0;129277436;129282696
25;0;302418832;302424752
26;0;270876730;270882247
27;0;928261558;928267072
28;0;126227024;126231866
29;0;1265128639;1265133750
30;0;51851968;51856517
31;0;151336079;151344019
32;0;236530282;236536299
33;0;362762450;362767933
34;0;255377048;255382925
35;0;31155505;31159897
36;0;36045983;36050645
37;0;359803091;359808288
38;0;50686616;50692220
39;0;36587408;36591735
40;0;124234422;124240227
41;0;45033868;45038322
42;0;153858366;153863139
43;6586;18178780;7822708633
44;0;56307347;56310684
45;0;30111548;30114148
46;0;136130351;136133540
47;0;26994288;26996463
48;0;48163374;48166385
49;0;442726474;442730061
0;0;97974938;97978331
1;0;95512657;95515785
2;0;37584137;37586688
3;0;27460700;27462657
4;0;28432758;28435099
5;0;321038446;321041719
6;0;110539969;110542778
7;0;87337973;87340811
8;0;25598212;25600612
9;0;48349748;48351948
10;0;25624920;25626782
11;0;29302776;29305393
12;0;58853974;58856468
13;0;39909420;39912519
14;0;30904180;30906657
15;0;94821735;94824441
16;0;25626494;25629224
17;0;41077832;41080509
18;0;31178454;31181369
19;0;44775951;44779134
20;0;31526015;31528104
21;0;25700394;25702540
22;0;29539310;29541388
23;0;157638528;157641620
24;0;40344014;40346435
25;0;34860464;34863415
26;0;67365414;67368823
27;0;41154016;41156856
28;0;26064570;26066989
29;0;377936644;377939635
30;0;41227347;41229700
31;0;64484741;64487461
32;0;44531256;44533411
33;0;52590022;52593140
34;0;51789962;51792515
35;0;26321725;26324803
36;0;23812679;23815060
37;0;67565644;67568164
38;0;30359538;30362014
39;0;31516845;31518699
40;0;65693886;65697075
41;0;38485136;38487117
42;0;32337238;32339118
43;6586;1553225;744754169
44;0;39740866;39742329
45;0;28061954;28063891
46;0;40770587;40772237
47;0;25298645;25299786
48;0;40065138;40066961
49;0;115358330;115360417
0;0;96017057;96018947
1;0;96440047;96441901
2;0;37049827;37051401
3;0;27100302;27101157
4;0;27178575;27179893
5;0;328498315;328500477
6;0;104831553;104833214
7;0;87679356;87703140
8;0;32559398;32579711
9;0;51442891;51444142
10;0;25340960;25342090
11;0;27973994;27974926
12;0;57429451;57430837
13;0;40562199;40563477
14;0;28434821;28436588
15;0;105074739;105076531
16;0;24500441;24501382
17;0;40387124;40388519
18;0;38674095;38675147
19;0;45278319;45279825
20;0;31050081;31051260
21;0;26811823;26812692
22;0;28861533;28862648
23;0;144952032;144953649
24;0;39769073;39770271
25;0;34072500;34073745
26;0;75942204;75944001
27;0;46445118;46446622
28;0;24396101;24405334
29;0;399293245;399293701
30;0;40851658;40852269
31;0;63938934;63939311
32;0;44136991;44137490
33;0;50628878;50629344
34;0;56870127;56870508
35;0;30892521;30892966
36;0;23796178;23796472
37;0;66978407;66978842
38;0;28546525;28546993
39;0;31142721;31143126
40;0;65069681;65070284
41;0;38137042;38137425
42;0;31940578;31940962
43;6586;1246617;682823173
44;0;39036836;39037382
45;0;34591003;34591546
46;0;42614126;42614536
47;0;25165962;25166353
48;0;39667878;39668306
49;0;115525353;115525823
0;0;84375808;84376267
1;0;92899729;92900117
2;0;38258559;38259107
3;0;26561897;26562280
4;0;25619158;25619469
5;0;320082558;320083264
6;0;108805370;108806101
7;0;92551956;92552473
8;0;27036372;27036720
9;0;47341653;47341976
10;0;25152713;25153026
11;0;34692087;34692592
12;0;61566259;61567019
13;0;38541466;38541948
14;0;36310079;36310586
15;0;96832176;96832550
16;0;24373877;24374329
17;0;40163804;40164173
18;0;30086881;30087241
19;0;42371201;42371674
20;0;40557412;40558181
21;0;27542033;27542407
22;0;28781293;28781690
23;0;145206570;145207090
24;0;41008302;41008768
25;0;33987850;33988483
26;0;70878276;70878836
27;0;47255482;47255902
28;0;24532033;24532332
29;0;386177663;386178193
30;0;43755137;43755695
31;0;67899768;67900217
32;0;44668421;44668955
33;0;52270056;52270713
34;0;51167749;51168187
35;0;25545586;25546022
36;0;23265697;23266042
37;0;70004699;70005256
38;0;35493017;35493429
39;0;34276842;34277238
40;0;65036385;65037124
41;0;38345890;38346337
42;0;32124190;32124590
43;6586;1097216;704645344
44;0;40484042;40484689
45;0;27363970;27364259
46;0;38530343;38530762
47;0;26342797;26343178
48;0;39390981;39391388
49;0;124054116;124054706
0;0;84953084;84953494
1;0;94158674;94159133
2;0;36915925;36916323
3;0;26559493;26559768
4;0;25412816;25413141
5;0;319581816;319582364
6;0;99176616;99177325
7;0;84839074;84839610
8;0;24965418;24965816
9;0;48382508;48383075
10;0;24946571;24946966
11;0;26495428;26495701
12;0;69758296;69758846
13;0;39477956;39478400
14;0;29798479;29798962
15;0;95010281;95010856
16;0;23012813;23013121
17;0;40065017;40065476
18;0;30060809;30061247
19;0;52885387;52885954
20;0;31611261;31611586
21;0;25075383;25075686
22;0;29949640;29950066
23;0;154088149;154088709
24;0;40999876;41000224
25;0;34163656;34164093
26;0;66340165;66340755
27;0;40639518;40640026
28;0;23930437;23930710
29;0;375165508;375166009
30;0;40828563;40828958
31;0;64044494;64044930
32;0;43984347;43984865
33;0;50986624;50987523
34;0;52552623;52553148
35;0;24385057;24385485
36;0;23128887;23129277
37;0;68645507;68645985
38;0;28306341;28306785
39;0;31050013;31050460
40;0;65117168;65117612
41;0;37999366;37999782
42;0;33329873;33330717
43;6586;1343203;714615737
44;0;39434892;39435337
45;0;28728846;28729220
46;0;38300668;38301138
47;0;24956457;24956841
48;0;40826789;40827168
49;0;114551018;114551416
