0;0;547377040;547382228
1;0;178478797;178483729
2;0;84066788;84071901
3;0;759033188;759039475
4;0;92824292;92829073
5;0;150219947;150225333
6;0;8607194831;8607200669
7;0;66954514;66959692
8;0;255760345;255765825
9;0;660521408;660527511
10;0;117691187;117696517
11;0;32002080;32006280
12;0;36154417;36158792
13;0;137539630;137544659
14;0;70810601;70814883
15;0;93854353;93858598
16;0;58477149;58481353
17;0;329560425;329565472
18;0;5354667497;5354672610
19;0;136660608;136666371
20;0;431961407;431967450
21;0;41869340;41873555
22;0;68814633;68820178
23;0;50905652;50910353
24;0;195904827;195910058
25;0;71960487;71965091
26;0;75154308;75159421
27;0;74513103;74518046
28;0;49944611;49949672
29;0;65245662;65249740
30;0;98265846;98270354
31;0;32243501;32247477
32;0;276116097;276121793
33;0;47933538;47938264
34;0;104924309;104928794
35;0;26047872;26052046
36;0;752779571;752784943
37;0;2607243965;2607249642
38;0;313174859;313179962
39;0;284966753;284971962
40;0;111744885;111749069
41;0;595954960;595959685
42;0;31995334;31999934
43;0;119573702;119579559
44;0;97519330;97523965
45;0;44452002;44456308
46;0;92710139;92714897
47;0;487879102;487885296
48;0;558088752;558094052
49;0;40483720;40487645
