0;0;719148388;719153325
1;0;211394142;211398887
2;0;51583771;51588374
3;151;8846496;373714125
4;0;172372152;172377500
5;0;51208947;51213616
6;0;28623129;28627104
7;0;150104616;150109161
8;0;70143155;70147773
9;0;49470557;49475717
10;0;38073948;38079004
11;0;37767984;37772808
12;0;176627034;176631857
13;20;36106358;178100186
14;149;3281201;494973292
15;0;207734191;207738040
16;4;90950673;976495945
17;0;479824274;479828101
18;0;61677819;61681513
19;7;19140430;161931802
20;0;1259447346;1259450722
21;0;39240589;39243485
22;0;242056170;242060116
23;0;108775254;108778778
24;0;39726741;39729766
25;0;82754772;82758492
26;0;33270614;33272912
27;0;32075248;32078674
28;0;53197162;53223981
29;0;67128550;67130576
30;0;1055892697;1055895156
31;0;27749064;27750741
32;0;427942736;427944998
33;44;72288444;1268337574
34;0;118428715;118431045
35;7340;13687801;2211357884
36;0;175788324;175790545
37;13;12436180;58123322
38;0;106984015;106986645
39;0;299467139;299469177
40;0;76224578;76226517
41;0;6534864740;6534867436
42;0;54788190;54789881
43;0;44918765;44920661
44;0;65722215;65723980
45;0;57436034;57437695
46;0;229001924;229004080
47;329;15790475;225173175
48;0;80837856;80839576
49;1;31046382;45541677
0;0;40873760;40875330
1;0;48573298;48575581
2;0;28649134;28650659
3;151;2021802;208638740
4;0;51924482;51926216
5;0;41213424;41215189
6;0;25634972;25636391
7;0;96003846;96005415
8;0;37573401;37575117
9;0;29282378;29284058
10;0;28795825;28797542
11;0;28774195;28775595
12;0;27335026;27336282
13;20;15409351;81515126
14;149;2017849;39077904
15;0;44367871;44369627
16;4;17769213;112815371
17;0;38836715;38838245
18;0;34920930;34923142
19;7;7243664;43301462
20;0;792662995;792664891
21;0;29056832;29058874
22;0;76836464;76838561
23;0;35232959;35234808
24;0;27186084;27188324
25;0;59023157;59024750
26;0;23285235;23286506
27;0;23065728;23067070
28;0;37946071;37947718
29;0;37237166;37239521
30;0;754731688;754733270
31;0;25295325;25297045
32;0;149761541;149763400
33;44;71916076;365657695
34;0;29203221;29204743
35;7340;1881051;108271130
36;0;114292172;114294075
37;13;2024704;49324913
38;0;54536978;54539004
39;0;259730501;259732292
40;0;38975490;38977085
41;0;373725955;373727910
42;0;37114231;37115728
43;0;40779786;40781230
44;0;63835905;63837491
45;0;56356686;56358034
46;0;225768490;225769942
47;329;2096852;84896123
48;0;43281380;43282813
49;1;26749358;40116784
0;0;40402757;40404592
1;0;44147036;44148749
2;0;31258157;31259423
3;151;1465554;207907692
4;0;51585152;51586773
5;0;40718101;40719753
6;0;25076691;25078030
7;0;96147824;96149819
8;0;37068145;37070538
9;0;30301774;30303320
10;0;28217731;28218997
11;0;28404868;28406061
12;0;27168519;27169860
13;20;14231017;76718286
14;149;1360262;38479792
15;0;44087977;44107192
16;4;17438802;112550753
17;0;38613852;38614534
18;0;34562562;34563405
19;7;6902663;42988256
20;0;792251533;792252126
21;0;28449206;28449787
22;0;79072849;79073637
23;0;31352272;31352785
24;0;26826909;26827582
25;0;58750922;58751611
26;0;22943886;22944286
27;0;23059307;23060359
28;0;37923315;37923821
29;0;36880001;36880563
30;0;756711370;756712088
31;0;24633899;24634438
32;0;148557437;148558030
33;44;73437388;366886721
34;0;28582883;28583433
35;7340;1120506;107980210
36;0;106813482;106814214
37;13;1289172;44945478
38;0;54206101;54206734
39;0;260538906;260539468
40;0;38656750;38657251
41;0;371562613;371563295
42;0;37949483;37949975
43;0;40472616;40473277
44;0;63543293;63543944
45;0;54298504;54299264
46;0;227298964;227299567
47;329;1850311;84732318
48;0;43141516;43142057
49;1;26522099;39899798
0;0;40037535;40038139
1;0;43917951;43918974
2;0;27876064;27876532
3;151;1139819;209228998
4;0;50926845;50927537
5;0;40311206;40311740
6;0;26781652;26782193
7;0;95461033;95461724
8;0;36651612;36652320
9;0;28603522;28604028
10;0;28017350;28018009
11;0;27922789;27923220
12;0;26675751;26676285
13;20;14064891;78238298
14;149;1125828;38026511
15;0;43769162;43769767
16;4;17165249;111820743
17;0;38295809;38296331
18;0;34437999;34438590
19;7;6782242;44981314
20;0;793272071;793272561
21;0;29934648;29953582
22;0;76078032;76099656
23;0;31127961;31128502
24;0;26538171;26538505
25;0;58306142;58306756
26;0;22599430;22599860
27;0;22382921;22383401
28;0;39489463;39489889
29;0;36677339;36678033
30;0;771788910;771789421
31;0;24631136;24631729
32;0;148814357;148815451
33;44;63936621;357767119
34;0;28574153;28574586
35;7340;1113243;108564538
36;0;106861873;106862555
37;13;1252163;44780792
38;0;54304758;54305252
39;0;261986405;261987067
40;0;38532440;38532906
41;0;372457704;372458330
42;0;36626606;36627077
43;0;49879905;49880454
44;0;65131141;65131872
45;0;53914755;53915251
46;0;226535449;226536063
47;329;1774406;85576648
48;0;42683100;42683533
49;1;26415210;39798723
0;0;39769523;39770006
1;0;43714024;43714500
2;0;29259062;29259399
3;151;1114781;208869137
4;0;50702518;50703165
5;0;40237997;40238585
6;0;24713215;24713772
7;0;106374628;106375195
8;0;36784440;36784903
9;0;28391274;28391561
10;0;27921067;27921481
11;0;29680318;29680986
12;0;26679422;26679831
13;20;14225515;76627964
14;149;1335569;38287609
15;0;45417770;45418175
16;4;16989388;111339564
17;0;38061329;38061943
18;0;35655338;35655700
19;7;6647239;42602202
20;0;804891619;804892219
21;0;28094787;28095283
22;0;77503335;77503860
23;0;31282883;31284116
24;0;26596720;26597146
25;0;58757353;58757953
26;0;24128941;24129433
27;0;22403997;22404379
28;0;37611572;37612243
29;0;36668219;36668568
30;0;763972204;763972976
31;0;24705587;24706039
32;0;161359107;161359639
33;44;63525328;358336704
34;0;28744557;28744990
35;7340;1071938;107778444
36;0;108654822;108655326
37;13;1119723;44512669
38;0;55504667;55505253
39;0;261745323;261745966
40;0;39966601;39967074
41;0;373351390;373351873
42;0;36426594;36427076
43;0;42514356;42514884
44;0;69199351;69199753
45;0;54072167;54072572
46;0;237821271;237821777
47;329;1771622;84522262
48;0;43042781;43043386
49;1;27872064;41317564
