0;0;1435422939;1435429212
1;0;89491271;89496043
2;0;1320655208;1320661114
3;0;234668848;234675234
4;0;35115898;35120150
5;0;1099901391;1099906092
6;0;476527546;476533819
7;0;55389412;55395396
8;0;320303379;320307799
9;0;54153776;54158966
10;0;50451983;50456755
11;0;24580167;24584536
12;0;19366962;19370522
13;0;406177821;406182831
14;0;36525743;36530514
15;0;173219064;173224506
16;0;70171348;70177423
17;0;1720182805;1720188880
18;0;174365411;174370689
19;0;768095289;768101382
20;0;48783920;48788953
21;0;111415138;111421035
22;0;459816869;459822262
23;0;148192438;148197560
24;0;115142182;115147267
25;0;47758483;47763132
26;0;68546964;68551822
27;0;61279192;61284194
28;0;1161844250;1161849970
29;0;52048947;52053760
30;0;144978609;144984685
31;0;121464154;121468885
32;0;3902478777;3902484470
33;0;267882470;267887306
34;0;228815002;228820962
35;0;666781586;666788006
36;0;246716454;246722460
37;0;158003132;158007880
38;0;341872174;341878091
39;0;2353450662;2353456042
40;0;49681294;49685146
41;0;94270708;94276089
42;0;38050749;38055754
43;0;12713358275;12713365367
44;0;84882492;84888459
45;0;275602162;275608295
46;0;60090294;60095028
47;0;63805860;63811048
48;0;1632177389;1632183062
49;0;85931545;85936731
