0;0;1727932271;1727938128
1;0;631411747;631415847
2;0;308443472;308447143
3;0;24313544;24316957
4;0;21170919946;21170925802
0;0;10625091;10628423
1;0;5084139;5087208
2;0;4902814;4905780
3;0;6622355;6625660
4;0;114885355;114890221
0;0;7164921;7167260
1;0;3519759;3522083
2;0;3586705;3588905
3;0;2763324;2765585
4;0;115333886;115338677
0;0;6803233;6805506
1;0;3386893;3389253
2;0;3374032;3376300
3;0;2376058;2378298
4;0;100839392;100844044
0;0;6732819;6735023
1;0;3304566;3306677
2;0;3177127;3179417
3;0;2251199;2253411
4;0;112475304;112480516
