0;0;679009644;679014542
1;0;160063011;160068051
2;0;186886308;186891699
3;0;63024849;63029454
4;0;38380521;38384651
5;0;73965579;73969704
6;0;37122471;37126597
7;0;79825964;79831493
8;0;49155888;49160641
9;0;348176505;348182198
10;0;789060893;789066173
11;0;21810143;21813219
12;0;61028664;61032835
13;0;54710798;54714194
14;0;22600599;22603566
15;0;31686984;31691629
16;0;28073162;28077522
17;0;84901660;84907018
18;0;214747293;214752828
19;0;94944999;94950002
20;0;27133560;27136989
21;0;35280231;35283450
22;0;28530998;28534678
23;0;70782837;70788157
24;0;80674739;80678445
25;0;26426869;26430125
26;0;226630451;226634826
27;0;300089754;300093622
28;0;49612628;49615882
29;0;68337796;68342674
30;0;80232893;80237696
31;0;39053663;39058129
32;0;30181402;30185084
33;0;99206481;99211485
34;0;34741779;34745007
35;0;37954203;37958610
36;0;110704534;110710160
37;0;62101447;62106712
38;0;41495614;41499882
39;0;76963261;76967913
40;0;514671284;514676787
41;0;301726116;301731853
42;0;28827858;28831460
43;0;21946455;21949248
44;0;29603174;29607668
45;0;134516226;134521887
46;0;25234732;25238024
47;0;23259987;23262940
48;0;94329736;94334110
49;0;59233559;59237501
