0;28;282235824;2733780286
1;0;1591166434;1591171857
2;11;7231495;175860760
3;0;43653764;43658138
4;14262;44390693;751640547
5;3109;13717820;4977071142
6;0;117448411;117449938
7;70;36791107;211232092
8;0;3558638277;3558640403
9;0;833915841;833917927
10;8;21967805;261803554
11;61;25817850;929416698
12;3426;13679967;2583407542
13;0;97299645;97301408
14;0;429964836;429966570
15;70;8899670;117567401
16;0;61578091;61579733
17;6423;12224714;6147172511
18;0;147930538;147932942
19;158;4020521;177765268
20;0;1185975104;1185977120
21;35842;3610760;19820546992
22;0;61174119;61193738
23;0;29035193;29035939
24;0;162516640;162517430
25;0;44043283;44044243
26;0;49980332;49981139
27;0;438204464;438205151
28;0;71257052;71257685
29;0;63492837;63493599
30;0;63229417;63230062
31;0;84435969;84436949
32;0;42982599;42983339
33;3;22639931;84875020
34;0;297456873;297457642
35;13;7393636;35532980
36;0;32962881;32963641
37;0;132506142;132506909
38;330;18732548;723581000
39;166;3786074;630312553
40;0;332422517;332423411
41;6599;3103270;7149103814
42;0;3348232058;3348233268
43;1017;3502377;1154170694
44;10;3139280;42898346
45;0;685326703;685327636
46;11;24023174;50712609
47;689252;25968657;120727791030
48;0;49412347;49421305
49;520;21258103;486297719
0;28;2834258;254465082
1;0;1134272392;1134273008
2;11;3372455;62095666
3;0;28975046;28975644
4;14262;2255970;382713653
5;3109;2237478;3651883807
6;0;81489820;81490632
7;70;25504712;115920179
8;0;179599342;179600514
9;0;85164636;85165351
10;8;5865015;168552384
11;61;12180094;867439462
12;3426;2465464;981826425
13;0;55535192;55535843
14;0;297537966;297538641
15;70;5892393;69504752
16;0;56244319;56244948
17;6423;2012976;4097767240
18;0;39995238;39996028
19;158;2171858;97482782
20;0;304820440;304821069
21;35842;1820616;7555210887
22;0;57515276;57516008
23;0;24960049;24960703
24;0;90141587;90142234
25;0;40640710;40641459
26;0;48125327;48125985
27;0;360114747;360115361
28;0;27325116;27325770
29;0;47039381;47040061
30;0;59729675;59730449
31;0;34059485;34060113
32;0;34476950;34477548
33;3;13093705;57093706
34;0;297309000;297309713
35;13;6440395;33976102
36;0;32093843;32094603
37;0;116515790;116516453
38;330;1724735;245803344
39;166;2101715;151032614
40;0;136003180;136003853
41;6599;7437399;4945159670
42;0;535127673;535128329
43;1017;1713236;516768648
44;10;2440009;31774981
45;0;38433516;38434311
46;11;7420922;29037247
47;689252;1505368;62605543685
48;0;47239314;47240043
49;520;1797503;45946246
0;28;1862515;208919090
1;0;1196401038;1196401363
2;11;2961420;61072792
3;0;28527952;28528707
4;14262;1651756;393734581
5;3109;1635620;102197538
6;0;72671139;72671696
7;70;25102566;78739439
8;0;164392364;164392884
9;0;84157277;84157743
10;8;5406230;168176361
11;61;15491803;871194749
12;3426;1623860;971631296
13;0;51200244;51200644
14;0;312540512;312541013
15;70;5896095;69950218
16;0;55962722;55963170
17;6423;1546594;513207996
18;0;32424885;32425355
19;158;1661691;79673415
20;0;286982815;286983272
21;35842;1525359;924756411
22;0;48536566;48536950
23;0;24610224;24610704
24;0;68952600;68953190
25;0;40582907;40583415
26;0;48127386;48127748
27;0;361680199;361681023
28;0;27498870;27499409
29;0;47017160;47017706
30;0;59902561;59903112
31;0;34390579;34391087
32;0;34266726;34267129
33;3;12773589;40056623
34;0;278332058;278332569
35;13;5918942;33519259
36;0;32046715;32047138
37;0;117382542;117382994
38;330;1507612;82761713
39;166;1868914;150100357
40;0;136277763;136278469
41;6599;1425403;167148558
42;0;521143496;521143926
43;1017;1475142;102941090
44;10;1642032;26985041
45;0;36998492;36998918
46;11;7137615;28891729
47;689252;1333104;15913408921
48;0;47424189;47424627
49;520;1460262;44530426
0;28;1587020;208721851
1;0;1171868098;1171868503
2;11;2820276;61329732
3;0;28746630;28747122
4;14262;1398259;378824086
5;3109;1439970;102196082
6;0;73347106;73347522
7;70;25241832;79368041
8;0;165136149;165136655
9;0;84892104;84892709
10;8;5474793;168990207
11;61;11549126;785202180
12;3426;1504869;1140661692
13;0;51650223;51650717
14;0;300183881;300184356
15;70;5500518;69634734
16;0;56239209;56239721
17;6423;1476927;513626106
18;0;32536107;32563958
19;158;1446360;80377010
20;0;288523896;288525872
21;35842;1634716;814665537
22;0;47678376;47678564
23;0;24312247;24312501
24;0;69849158;69849435
25;0;41185602;41185769
26;0;48108580;48108763
27;0;362511055;362511384
28;0;27285060;27285274
29;0;47184988;47185298
30;0;69993407;69993729
31;0;67236593;67236809
32;0;34208155;34208605
33;3;12847712;40267747
34;0;280189377;280189657
35;13;5827339;33535499
36;0;31985974;31986148
37;0;117947333;117947702
38;330;1486862;82900465
39;166;1788107;129613178
40;0;136172684;136173034
41;6599;1422175;168188696
42;0;524156094;524156419
43;1017;1397539;108816447
44;10;1581888;28760635
45;0;37201670;37202049
46;11;6963498;28737108
47;689252;1223428;15536285527
48;0;47078780;47078985
49;520;1330066;44280642
0;28;1533735;207762048
1;0;1117521914;1117522291
2;11;2631751;60868875
3;0;28393510;28393910
4;14262;1326883;474074268
5;3109;1362043;101912131
6;0;73091358;73091659
7;70;24847721;78685466
8;0;164010577;164010923
9;0;84362031;84362365
10;8;5245218;167760218
11;61;11488166;782962167
12;3426;1490880;973586160
13;0;51392676;51393170
14;0;297967106;297967596
15;70;5312366;68894210
16;0;55573758;55574092
17;6423;1377570;512288140
18;0;32234275;32234518
19;158;1295942;79266919
20;0;712233643;712234432
21;35842;1577321;807717363
22;0;46820961;46821539
23;0;23863980;23864354
24;0;68452654;68453094
25;0;40109182;40109638
26;0;47120446;47120744
27;0;357844784;357845085
28;0;26745052;26746064
29;0;46340136;46340435
30;0;58884497;58884956
31;0;33400249;33400544
32;0;33796637;33796902
33;3;12510031;39483248
34;0;274596378;274596767
35;13;5674043;33107732
36;0;31629032;31629380
37;0;116353518;116353716
38;330;1346861;81945711
39;166;1721472;127934914
40;0;134259222;134259412
41;6599;1207368;167807658
42;0;516173236;516173425
43;1017;1254080;101922920
44;10;1425210;26367012
45;0;36546492;36546810
46;11;6825735;28362354
47;689252;1164181;15235360726
48;0;46637139;46637502
49;520;1298184;43829455
