0;0;1199192109;1199197804
1;0;89258750;89263249
2;0;1205594836;1205600393
3;0;244955625;244960110
4;0;35006398;35010464
5;0;1064773723;1064778269
6;0;216398390;216404464
7;0;43226442;43232153
8;0;292717221;292721021
9;0;28107904;28111797
10;0;34898909;34902723
11;0;24796736;24800466
12;0;19320788;19323588
13;0;30272838;30276812
14;0;32167431;32171711
15;0;144173218;144177291
16;0;77114679;77120234
17;0;1365183282;1365189195
18;0;191593213;191598373
19;0;273106771;273112591
20;0;56858072;56862581
21;0;89151853;89156447
22;0;234459318;234465561
23;0;116831167;116836188
24;0;89755495;89760478
25;0;46963740;46967928
26;0;79026327;79030734
27;0;49137906;49141685
28;0;675607709;675612905
29;0;33182090;33186045
30;0;94049164;94053968
31;0;128705861;128711354
32;0;2820291763;2820297526
33;0;276990159;276994973
34;0;219988371;219994108
35;0;564809464;564815891
36;0;198720048;198724874
37;0;151566534;151571014
38;0;232060544;232065400
39;0;2629154507;2629159027
40;0;99934579;99939633
41;0;84079562;84084225
42;0;70874394;70880071
43;0;8378175180;8378180863
44;0;76160854;76165482
45;0;346364137;346369840
46;0;116095455;116099765
47;0;46993907;46997959
48;0;995230384;995235841
49;0;107238243;107243114
0;0;168669227;168674289
1;0;43447398;43451617
2;0;36348345;36352690
3;0;189486261;189490760
4;0;35423375;35426759
5;0;23567258;23569907
6;0;73069001;73072873
7;0;25824468;25827682
8;0;25435695;25439010
9;0;22924624;22927946
10;0;32427939;32431544
11;0;25877896;25881886
12;0;19498814;19501271
13;0;30049380;30060403
14;0;22847807;22850864
15;0;148613011;148617969
16;0;31772450;31775540
17;0;297943070;297947900
18;0;42958601;42962356
19;0;32682381;32686116
20;0;33023643;33027982
21;0;37147954;37152309
22;0;28709302;28713173
23;0;34493070;34497213
24;0;60539138;60543595
25;0;23484966;23488239
26;0;50529272;50533512
27;0;30195117;30198922
28;0;30266632;30270578
29;0;24809597;24813082
30;0;47045716;47049627
31;0;34907602;34911374
32;0;49887264;49891149
33;0;29069179;29072409
34;0;49729427;49733493
35;0;100109580;100113507
36;0;108599880;108604654
37;0;69869608;69873735
38;0;49339813;49344081
39;0;25376280;25379793
40;0;25724263;25727272
41;0;61075530;61079533
42;0;35190199;35193926
43;0;343417838;343423198
44;0;40690681;40694403
45;0;41181459;41185522
46;0;27243890;27248393
47;0;28584903;28588058
48;0;33404720;33408569
49;0;59874859;59879530
0;0;169493719;169498420
1;0;43015218;43019041
2;0;36150982;36155458
3;0;203217126;203222121
4;0;35866995;35871304
5;0;23326573;23329298
6;0;74909818;74914766
7;0;25565089;25568477
8;0;25243421;25245984
9;0;22724247;22727259
10;0;32366790;32370397
11;0;23547738;23550691
12;0;19346806;19349133
13;0;29901700;29905055
14;0;24771294;24774393
15;0;147393919;147398361
16;0;31796203;31799951
17;0;299699676;299704229
18;0;43209235;43213791
19;0;32588590;32592670
20;0;34788812;34792877
21;0;37053911;37058104
22;0;28596245;28599803
23;0;34122387;34126276
24;0;58482318;58486285
25;0;24919550;24923155
26;0;50412139;50416095
27;0;31013935;31020933
28;0;30243737;30247701
29;0;24687183;24690976
30;0;46813549;46817615
31;0;36631983;36636166
32;0;47586257;47590963
33;0;28680676;28684107
34;0;49700983;49705241
35;0;101142361;101147064
36;0;106084714;106088594
37;0;71474802;71480188
38;0;49155634;49159940
39;0;25366794;25370229
40;0;25591698;25594232
41;0;60610860;60615460
42;0;34903899;34908268
43;0;345212569;345216950
44;0;40402245;40406056
45;0;40959738;40963279
46;0;22556209;22559466
47;0;24551529;24556202
48;0;31518622;31522102
49;0;59372729;59376604
0;0;168754088;168758789
1;0;42817599;42821740
2;0;37691863;37695327
3;0;189236671;189241840
4;0;35058335;35061728
5;0;23184669;23187855
6;0;74697597;74702282
7;0;25347074;25351269
8;0;25033833;25036487
9;0;22710166;22713270
10;0;34416388;34421473
11;0;23480331;23483639
12;0;19207884;19210809
13;0;29585078;29588840
14;0;22573852;22577183
15;0;148514655;148519641
16;0;32874492;32877958
17;0;298026475;298031863
18;0;42884269;42888104
19;0;32410705;32414943
20;0;35132280;35136435
21;0;37048209;37052176
22;0;28347958;28352167
23;0;33997749;34001382
24;0;70129198;70133950
25;0;23223849;23227346
26;0;51346375;51351201
27;0;29951647;29955776
28;0;30061273;30065381
29;0;24598453;24602192
30;0;49154832;49159639
31;0;43153027;43157170
32;0;48297270;48301512
33;0;28673172;28675871
34;0;60455162;60461359
35;0;103222414;103226485
36;0;105998813;106002846
37;0;71551363;71556405
38;0;49253085;49257130
39;0;26641364;26646284
40;0;25566149;25569288
41;0;59146691;59158004
42;0;36696795;36712209
43;0;358223343;358226433
44;0;40377468;40380419
45;0;40842593;40845169
46;0;23895289;23897520
47;0;22789475;22791461
48;0;31338466;31340722
49;0;61022358;61025702
0;0;168495897;168499340
1;0;44086987;44090283
2;0;35866471;35869029
3;0;202987225;202991566
4;0;36446964;36449129
5;0;24464058;24465995
6;0;72607988;72611331
7;0;28406919;28410161
8;0;32030084;32031736
9;0;24406874;24408498
10;0;32082401;32084547
11;0;24860851;24863484
12;0;19308021;19309673
13;0;29926516;29928615
14;0;22576649;22578350
15;0;164158315;164161894
16;0;31699788;31702002
17;0;305588572;305591904
18;0;48040034;48043766
19;0;39220669;39223140
20;0;34217637;34219627
21;0;36918456;36920499
22;0;30213595;30216922
23;0;41997325;42000134
24;0;60968113;60971464
25;0;23147255;23149695
26;0;51133945;51137189
27;0;29782376;29785519
28;0;30034221;30036324
29;0;24578889;24581296
30;0;48110937;48114760
31;0;34822344;34824734
32;0;48845153;48848188
33;0;28633893;28635733
34;0;49485800;49488414
35;0;101267076;101271031
36;0;107482781;107486595
37;0;69768370;69771471
38;0;50575856;50579673
39;0;25276831;25279083
40;0;25541163;25542909
41;0;60421107;60424218
42;0;34900241;34909196
43;0;346005943;346008929
44;0;40439911;40442744
45;0;42263287;42266821
46;0;22536736;22538898
47;0;22679247;22681671
48;0;33052888;33055429
49;0;59455409;59458265
