0;0;719607882;719614545
1;0;125765826;125771466
2;0;106542808;106548032
3;0;46053425;46057912
4;0;23488607;23492953
5;0;380650122;380656058
6;0;82954671;82959356
7;0;312202570;312207961
8;0;47652665;47656263
9;0;54156179;54160223
10;0;49433856;49438536
11;0;57663619;57668977
12;0;88291497;88296603
13;0;33329354;33332704
14;0;44242907;44247363
15;0;62799266;62803480
16;0;28369038;28372852
17;0;68887794;68892717
18;0;22561857;22564737
19;0;59109288;59113580
20;0;623491179;623496915
21;0;112430414;112435581
22;0;35401526;35405696
23;0;284992552;284998012
24;0;45629171;45634343
25;0;190575820;190581413
26;0;432451646;432456985
27;0;45281412;45285676
28;0;202497184;202503291
29;0;62635364;62639475
30;0;493748188;493753300
31;0;181860815;181865929
32;0;67557871;67562414
33;0;44475402;44479922
34;0;30414282;30418899
35;0;47014338;47018712
36;0;36909310;36914106
37;0;204208082;204213894
38;0;47389591;47394321
39;0;248197463;248203223
40;0;34596252;34600300
41;0;28624439;28628070
42;0;74389884;74394230
43;0;39442910;39447006
44;0;81838253;81843551
45;0;32258687;32262836
46;0;62508065;62512733
47;0;22711240;22714327
48;0;30115292;30119075
49;0;1140792086;1140798003
