0;0;6672757400;6672763103
1;0;880981481;880986044
2;0;1682584967;1682590057
3;0;171135482;171139372
4;0;2735828;2739178
0;0;28556869;28560443
1;0;4507267;4509987
2;0;8756971;8759946
3;0;2437356;2440131
4;0;4630839;4633962
0;0;25041960;25045368
1;0;3861264;3863784
2;0;7644526;7647242
3;0;1934039;1935991
4;0;1671443;1673659
0;0;21065784;21069339
1;0;3595425;3597667
2;0;6821381;6823849
3;0;1857283;1859370
4;0;1596683;1598845
0;0;44012011;44015861
1;0;2866083;2868177
2;0;4737707;4740010
3;0;1578012;1580226
4;0;1451664;1454000
