0;0;399495520;399499983
1;103;21761074;134128970
2;2380;4420859;450058606
3;0;16069325;16070751
4;0;15432575;15433931
5;1;17360629;88618654
6;4997;3544420;858326601
7;0;13503446;13504637
8;0;46699088;46701234
9;0;10511259;10512487
10;1;15454178;17651832
11;0;105996333;105998411
12;0;39560047;39562044
13;107;3122337;42091695
14;0;10896234;10897486
15;0;12117895;12119391
16;0;28457583;28459108
17;587;2831461;118934341
18;0;42698730;42700848
19;569;2938564;87959218
20;0;19172290;19173487
21;0;146122533;146124526
22;1165;2972350;70824939
23;46;3713952;24809431
24;0;9809918;9811363
25;0;24607035;24608640
26;0;86233441;86235093
27;5;104880336;292017825
28;0;7619007;7620082
29;0;17062776;17064035
30;0;61301628;61303520
31;0;78794566;78796523
32;1330;3226502;393575732
33;0;21205461;21206965
34;0;8581967;8582951
35;1339;2013821;60627880
36;0;11123265;11124373
37;0;43253848;43255580
38;0;7304590;7305682
39;0;48585601;48587632
40;1;6055227;9803570
41;0;9577329;9578343
42;0;127783355;127784981
43;52;3207366;20200853
44;0;12251671;12252829
45;0;16553248;16554274
46;0;10078408;10079603
47;0;17060816;17062183
48;0;13515849;13517075
49;0;44657004;44658614
