0;0;555424106;555429151
1;0;455238531;455243851
2;0;51660630;51666199
3;0;31153849;31158383
4;0;75029527;75034856
5;0;69528635;69533710
6;0;90245077;90250103
7;0;109230902;109236024
8;0;44981903;44986910
9;0;61702293;61707227
10;0;83021003;83025944
11;0;373642460;373647467
12;0;29114786;29118478
13;0;41620230;41623971
14;0;143866479;143871795
15;0;48623411;48628553
16;0;40565799;40570517
17;0;95606109;95611276
18;0;159163551;159168553
19;0;223907660;223913107
20;0;1060544763;1060551116
21;0;532562678;532568573
22;0;85742851;85747486
23;0;137511368;137516683
24;0;28313532;28317689
25;0;77389810;77395047
26;0;24935640;24938819
27;0;185483803;185489726
28;0;303015144;303020029
29;0;117814427;117819304
30;0;37344006;37348636
31;0;57044068;57048448
32;0;145046890;145053336
33;0;49710940;49715559
34;0;26520392;26524088
35;0;330931381;330937794
36;0;51959689;51964619
37;0;17777894;17780819
38;0;22518081;22521157
39;0;142415841;142421726
40;0;68243942;68249391
41;0;40182544;40187822
42;0;40208287;40212913
43;0;98504816;98509757
44;0;25675019;25678299
45;0;48974294;48978861
46;0;36922555;36927847
47;0;289549045;289554895
48;0;89642115;89646661
49;0;213747848;213753648
