0;0;480020203;480025234
1;0;189081649;189086453
2;0;113252175;113257001
3;0;166135516;166139968
4;0;77063926;77068220
5;0;317604247;317609119
6;0;597233426;597237979
7;0;67563751;67568203
8;0;80297458;80301983
9;0;80152972;80157057
10;0;789622041;789627234
11;0;1099891350;1099896500
12;0;52270358;52275137
13;0;125725558;125730380
14;0;54595879;54600780
15;0;301042380;301047410
16;0;71076232;71081486
17;0;159702956;159707756
18;0;1140769611;1140774931
19;22;58808819;933491785
20;0;972819915;972826080
21;0;1783783233;1783788676
22;0;2267977912;2267983446
23;0;76733755;76738301
24;0;3237391319;3237396859
25;0;76325557;76330221
26;0;61935666;61940471
27;0;355339908;355345488
28;0;2793420744;2793426177
29;0;464483000;464488367
30;0;1883468433;1883474526
31;0;71264808;71269495
32;0;64862172;64866817
33;0;31823530;31827655
34;0;172911402;172916297
35;0;29331515;29335537
36;0;391656422;391675282
37;0;55301174;55305689
38;0;27146098;27150632
39;0;687292348;687298168
40;0;95508789;95513724
41;0;884500314;884505961
42;0;3376266309;3376275985
43;0;657899750;657904910
44;0;56560442;56565399
45;0;33069386;33073421
46;0;68935327;68940183
47;0;1281153036;1281158943
48;0;339904855;339909575
49;0;709198940;709204193
