0;0;493056900;493061598
1;0;115536226;115540466
2;0;546883746;546888497
3;0;2473873;2476051
4;0;103356726;103362105
0;0;2159994;2162081
1;0;3263694;3265866
2;0;82389891;82394693
3;0;4333025;4335622
4;0;75790114;75795027
0;0;1965800;1968021
1;0;2560600;2562765
2;0;61247176;61251797
3;0;2085619;2087918
4;0;62377422;62382276
0;0;1923965;1926061
1;0;2714969;2717195
2;0;61433944;61438014
3;0;1964936;1967209
4;0;68487401;68491834
0;0;1836593;1838656
1;0;2476364;2478534
2;0;60637046;60641775
3;0;1673954;1676277
4;0;60260132;60264582
