0;0;560357403;560362636
1;0;185117212;185122059
2;0;86226078;86231210
3;0;33924124;33928889
4;0;104278112;104282964
5;0;67405671;67410718
6;0;95369089;95373936
7;0;105126660;105131427
8;0;69475595;69480506
9;0;59166090;59171075
10;0;73679170;73684343
11;0;326980465;326985364
12;0;28190351;28194732
13;0;53049738;53053594
14;0;102807287;102811936
15;0;39778106;39782998
16;0;40242186;40246217
17;0;86276601;86280864
18;0;140742856;140747405
19;0;242862487;242867517
20;0;1002544970;1002550880
21;0;339905343;339911000
22;0;70657722;70662713
23;0;129630451;129635188
24;0;26661732;26665440
25;0;70236649;70241018
26;0;24075995;24079021
27;0;135977797;135983027
28;0;315787209;315792138
29;0;165147271;165151768
30;0;48236396;48240631
31;0;67192148;67197026
32;0;107379234;107383863
33;0;48679592;48684519
34;0;26275551;26279541
35;0;301105307;301111827
36;0;60164772;60169325
37;0;17642358;17645118
38;0;22348459;22351770
39;0;118601032;118606455
40;0;70191745;70197000
41;0;39374752;39378917
42;0;39153840;39158920
43;0;67733718;67738747
44;0;22641703;22644688
45;0;48487389;48492279
46;0;34457335;34461140
47;0;196838389;196843425
48;0;78117161;78121137
49;0;37978581;37982826
0;0;54175485;54179518
1;0;37276121;37280250
2;0;47481866;47486283
3;0;21548968;21551467
4;0;36471481;36475011
5;0;46769480;46773725
6;0;42180895;42184730
7;0;34586764;34590164
8;0;33903270;33907515
9;0;52959362;52963188
10;0;25133078;25136673
11;0;145919568;145924603
12;0;28303007;28306182
13;0;26404015;26414471
14;0;77172231;77176299
15;0;27503926;27508171
16;0;30216808;30221046
17;0;65160835;65164723
18;0;58668306;58672134
19;0;193989579;193993673
20;0;49219603;49224417
21;0;173225121;173228935
22;0;55178890;55183457
23;0;71943129;71947492
24;0;23188060;23190551
25;0;40936701;40940781
26;0;24342356;24344949
27;0;106467695;106472034
28;0;211141729;211146129
29;0;99074492;99078280
30;0;35352817;35356854
31;0;23789578;23792898
32;0;49494220;49498764
33;0;49893473;49897652
34;0;22752383;22755621
35;0;64802141;64806922
36;0;41124024;41127906
37;0;16451509;16453784
38;0;21956042;21958525
39;0;77169664;77174448
40;0;50973289;50978527
41;0;40189803;40194422
42;0;39530493;39534305
43;0;44356438;44360612
44;0;22833080;22835774
45;0;47240218;47244469
46;0;34707072;34710702
47;0;140991732;140996332
48;0;76718477;76722736
49;0;38932961;38937577
0;0;54146179;54150956
1;0;37118838;37122638
2;0;47271925;47276048
3;0;21495924;21498622
4;0;36063537;36067495
5;0;46557825;46561818
6;0;42389342;42393257
7;0;34199509;34202732
8;0;33798793;33802675
9;0;53243283;53247553
10;0;24936550;24940553
11;0;147243998;147249276
12;0;28102236;28105208
13;0;25863040;25865833
14;0;77104604;77108501
15;0;27263382;27267328
16;0;30425980;30430434
17;0;64991290;64995786
18;0;58687505;58691912
19;0;192706190;192710811
20;0;49083668;49088058
21;0;172710414;172714407
22;0;55242121;55246610
23;0;71594091;71598606
24;0;23028595;23031631
25;0;40798962;40803922
26;0;24091932;24094974
27;0;110763451;110771423
28;0;199169269;199173739
29;0;98981595;98986021
30;0;34852744;34856845
31;0;23424349;23427128
32;0;50852597;50856976
33;0;49072977;49077640
34;0;22297085;22299918
35;0;64136175;64140864
36;0;41163332;41167391
37;0;16623385;16626149
38;0;22357160;22360297
39;0;73808781;73813063
40;0;50798049;50802522
41;0;39746750;39750413
42;0;39174069;39177984
43;0;47125026;47128922
44;0;22598823;22601545
45;0;46757173;46761018
46;0;34654208;34657604
47;0;140807305;140811208
48;0;76500914;76504874
49;0;37427333;37430434
0;0;53898376;53902602
1;0;44022429;44027118
2;0;56908459;56912714
3;0;21867935;21870366
4;0;35834263;35837427
5;0;46565156;46569867
6;0;41859936;41864772
7;0;33921261;33925158
8;0;33567885;33572396
9;0;52930555;52934637
10;0;25028975;25033377
11;0;159747338;159752103
12;0;27845940;27848710
13;0;25877555;25880343
14;0;77272897;77277587
15;0;27121362;27125471
16;0;30138781;30142555
17;0;64465817;64470794
18;0;58430387;58434288
19;0;191389991;191394497
20;0;49491968;49496791
21;0;172794101;172798402
22;0;67606084;67610209
23;0;72097200;72101440
24;0;23009334;23012258
25;0;40966536;40971299
26;0;23760912;23763941
27;0;106104346;106108275
28;0;200128995;200133409
29;0;98419582;98424147
30;0;34983709;34987928
31;0;23482605;23485474
32;0;49208688;49212445
33;0;49206937;49211690
34;0;24895927;24899367
35;0;64314718;64319509
36;0;40608514;40613222
37;0;16248638;16251128
38;0;21864818;21867437
39;0;73499761;73503813
40;0;50736922;50741480
41;0;39777035;39788120
42;0;39302502;39318092
43;0;45449688;45452726
44;0;22566315;22567872
45;0;47094398;47096925
46;0;34566782;34569220
47;0;140160666;140162887
48;0;78746548;78749063
49;0;37390024;37392290
0;0;53552860;53555693
1;0;36854073;36856437
2;0;46720143;46722583
3;0;21208518;21209704
4;0;35942312;35944781
5;0;46335916;46338015
6;0;42087195;42089127
7;0;35376867;35379613
8;0;33411281;33414384
9;0;52629721;52632210
10;0;24769463;24771268
11;0;144800350;144803054
12;0;28082936;28085727
13;0;28351042;28353066
14;0;77182155;77185478
15;0;27271102;27273215
16;0;29846120;29849014
17;0;64483076;64484855
18;0;58443128;58446354
19;0;192166890;192170045
20;0;48907404;48910153
21;0;185103907;185106871
22;0;54921781;54924376
23;0;71365363;71368125
24;0;22876192;22878018
25;0;40576091;40578557
26;0;23658009;23659625
27;0;107822221;107825576
28;0;198681888;198684406
29;0;100477049;100480496
30;0;35029680;35031582
31;0;23299840;23301325
32;0;49066644;49069581
33;0;49211867;49214125
34;0;22250358;22252295
35;0;73611637;73615685
36;0;43464762;43467226
37;0;16132763;16134184
38;0;21749014;21750750
39;0;74116000;74119198
40;0;50209487;50212626
41;0;39562648;39564368
42;0;41001999;41005392
43;0;44038718;44041249
44;0;22700695;22702302
45;0;46839338;46841289
46;0;34818846;34822129
47;0;142379772;142382942
48;0;76580925;76583584
49;0;37255539;37258078
