0;0;360151392;360156049
1;0;79483455;79488706
2;0;65052952;65057540
3;0;42177200;42181932
4;0;39172239;39177689
5;0;21384821;21389616
6;0;27028761;27033351
7;0;19317974;19322920
8;0;31976458;31981381
9;0;28999629;29003798
10;0;18661180;18665178
11;0;411368130;411373019
12;0;17553542;17556342
13;0;6573812;6576327
14;0;14710978;14713795
15;0;7002549;7005083
16;0;5239656;5242451
17;0;8179983;8182538
18;0;28881978;28884815
19;0;21531986;21535238
20;0;85855320;85861080
21;0;20789264;20792462
22;0;29102542;29106234
23;0;19747667;19750770
24;0;19500743;19503652
25;0;14257570;14260144
26;0;75039371;75044082
27;0;8474080;8476668
28;0;25321615;25324930
29;0;45838546;45842991
30;0;8569485;8572075
31;0;17594149;17597140
32;0;10550675;10553223
33;0;9340717;9343312
34;0;6151312;6153954
35;0;7878812;7881718
36;0;16872474;16875422
37;0;5772593;5775132
38;0;9657892;9660549
39;0;12486192;12488856
40;0;11914695;11917356
41;0;4913376;4916047
42;0;7404525;7407207
43;0;6068919;6071505
44;0;9642170;9644654
45;0;6140387;6142910
46;0;8454922;8457638
47;0;5996187;5998665
48;0;9446980;9449592
49;0;8179994;8182488
