0;0;582121639;582127371
1;0;174183438;174188624
2;0;118187175;118191634
3;0;128884922;128889616
4;0;58087331;58091498
5;0;84841760;84846322
6;0;47707332;47711866
7;0;86695177;86699678
8;0;201491785;201497114
9;0;42381067;42386160
10;0;122832353;122836930
11;0;31809041;31813335
12;0;60205557;60210345
13;0;177556694;177561266
14;0;73460162;73464612
15;0;32593760;32598744
16;0;55629698;55634575
17;14;19952834;104852750
18;0;197238675;197243800
19;0;27547514;27552133
20;0;66044063;66048901
21;5576;16895727;1691827905
22;0;49149252;49152345
23;0;89713190;89716260
24;0;68543682;68546767
25;0;30995620;30998036
26;0;29675554;29677775
27;0;80286584;80289715
28;0;43083764;43087094
29;0;104054576;104057464
30;10;4831966;64508350
31;0;40867738;40871307
32;0;576037263;576040457
33;0;32625716;32628718
34;0;134075432;134078533
35;0;88900058;88902632
36;0;74351777;74354911
37;0;67628462;67630975
38;0;53027534;53030445
39;0;52017551;52020322
40;0;36820986;36823408
41;0;44354511;44357224
42;0;35250032;35252486
43;0;80046519;80049317
44;0;28724086;28726745
45;0;41309478;41312238
46;1548;2510144;772453744
47;0;66921983;66923673
48;0;36592139;36593767
49;0;63169401;63171104
