0;0;485253563;485259103
1;0;152598061;152610066
2;0;121924870;121929564
3;0;58177618;58182152
4;0;32414174;32418344
5;0;252846623;252851967
6;0;72431866;72437111
7;0;114456868;114462101
8;0;17637645;17640817
9;0;36214994;36218695
10;0;47035705;47040559
11;0;56406749;56411728
12;0;45825298;45829917
13;0;23342597;23346366
14;0;32260710;32264743
15;0;60636229;60641034
16;0;27656248;27659858
17;0;52477789;52482481
18;0;21903929;21906974
19;0;56498191;56502662
20;0;290658402;290663748
21;0;103399567;103404475
22;0;49878485;49882612
23;0;234090795;234096678
24;0;52750318;52756018
25;0;52911962;52916414
26;0;143955359;143960738
27;0;36139594;36143933
28;0;114778822;114784552
29;0;42612401;42616674
30;0;329789848;329795375
31;0;96072959;96077437
32;0;55528476;55532831
33;0;30733861;30737913
34;0;29293523;29297737
35;0;34050145;34054347
36;0;35410860;35415135
37;0;98391369;98396063
38;0;36930335;36934704
39;0;120858877;120863612
40;0;39055713;39059150
41;0;36917838;36921330
42;0;34772073;34776534
43;0;33490677;33494600
44;0;69895846;69900679
45;0;41723778;41728098
46;0;71600372;71605069
47;0;31938001;31941596
48;0;42683848;42687961
49;0;182039638;182045043
0;0;42666054;42670539
1;0;29367910;29371908
2;0;45642203;45646304
3;0;27811776;27815875
4;0;19785794;19788669
5;0;70966625;70971371
6;0;33259011;33263503
7;0;57083146;57087583
8;0;16586338;16588844
9;0;21597125;21600165
10;0;33925537;33930596
11;0;24037598;24041271
12;0;31955192;31959875
13;0;23025045;23038864
14;0;27315805;27319575
15;0;58374715;58378771
16;0;24126490;24130782
17;0;34567045;34571023
18;0;20442605;20445195
19;0;55863825;55868305
20;0;57126639;57131338
21;0;69848155;69852218
22;0;32386706;32390800
23;0;53543491;53548117
24;0;22028937;22032111
25;0;38564644;38568717
26;0;55994512;55999298
27;0;34761186;34764848
28;0;36756466;36760144
29;0;24570951;24574287
30;0;226087112;226091863
31;0;23895207;23899358
32;0;53836586;53842083
33;0;33161275;33165435
34;0;29283663;29287863
35;0;33423432;33427759
36;0;35080361;35084977
37;0;35288975;35293218
38;0;34605701;34609633
39;0;61536200;61541047
40;0;24742393;24746099
41;0;24687872;24691684
42;0;21681715;21684772
43;0;22724575;22727916
44;0;28634735;28638372
45;0;29287857;29291962
46;0;45449636;45453866
47;0;21188314;21190721
48;0;28396341;28399995
49;0;38468467;38473102
0;0;25045673;25049290
1;0;28951169;28955451
2;0;45601461;45605713
3;0;29432013;29435733
4;0;19443363;19446113
5;0;70548045;70552847
6;0;33107975;33112361
7;0;57007331;57011726
8;0;16382869;16385306
9;0;21418598;21421602
10;0;33763403;33767560
11;0;23727512;23730863
12;0;31732481;31736770
13;0;22380072;22382856
14;0;27033331;27036644
15;0;58079611;58083437
16;0;24006412;24009889
17;0;34503821;34507717
18;0;20439317;20441999
19;0;56441841;56446299
20;0;62223885;62228574
21;0;74462154;74466557
22;0;32572692;32577254
23;0;53042009;53046426
24;0;21967620;21970898
25;0;38378389;38382591
26;0;55826067;55830284
27;0;35530213;35537698
28;0;36850567;36854772
29;0;24428992;24432589
30;0;227455205;227459492
31;0;23667166;23671011
32;0;45577715;45582266
33;0;29049915;29054228
34;0;28766602;28771411
35;0;33235095;33239105
36;0;34583339;34587611
37;0;35078726;35083138
38;0;34140309;34144538
39;0;61204585;61208465
40;0;24525656;24529016
41;0;24595437;24599531
42;0;21449305;21452498
43;0;22532374;22535211
44;0;28398916;28402187
45;0;28855538;28859554
46;0;45556692;45560965
47;0;21117041;21120438
48;0;29814903;29819404
49;0;38511562;38516075
0;0;24911708;24915905
1;0;29221144;29225026
2;0;45358866;45362934
3;0;27595962;27599783
4;0;19463818;19466776
5;0;70441412;70445560
6;0;32784733;32788540
7;0;56751081;56755747
8;0;16459652;16461861
9;0;21397138;21400533
10;0;33944429;33948918
11;0;23744911;23748339
12;0;31601556;31605333
13;0;22074332;22077490
14;0;26943044;26946715
15;0;59831599;59837065
16;0;23860843;23864375
17;0;34255649;34260114
18;0;20106905;20109573
19;0;55310648;55315097
20;0;55243388;55247671
21;0;69679333;69683740
22;0;32189529;32193411
23;0;52611736;52616108
24;0;22181401;22184455
25;0;38286777;38291354
26;0;55881961;55886623
27;0;38383909;38388679
28;0;42960240;42964398
29;0;24696019;24699760
30;0;226170506;226175033
31;0;23595387;23599133
32;0;45523064;45527245
33;0;29153675;29157211
34;0;28678375;28681846
35;0;33369647;33374324
36;0;34706514;34711220
37;0;36574686;36579107
38;0;34153425;34158369
39;0;61133735;61138048
40;0;24604995;24609054
41;0;24748343;24758738
42;0;21671673;21685386
43;0;22535254;22537637
44;0;28675286;28677745
45;0;28964762;28966964
46;0;45571316;45573998
47;0;20978180;20979943
48;0;28264344;28266775
49;0;38423853;38426613
0;0;24936807;24939080
1;0;28858648;28861041
2;0;45481791;45484181
3;0;28855990;28858705
4;0;19412965;19414487
5;0;70427958;70430358
6;0;32826615;32829210
7;0;56911656;56914440
8;0;16246174;16247596
9;0;21342527;21344395
10;0;33909126;33911738
11;0;23597256;23599743
12;0;31758343;31761531
13;0;22231295;22233972
14;0;27208457;27210887
15;0;58128846;58131891
16;0;23788353;23790216
17;0;35862542;35865128
18;0;20134591;20136123
19;0;55966016;55968903
20;0;55003852;55006431
21;0;69824377;69827053
22;0;32150771;32152973
23;0;52837202;52839578
24;0;22087485;22089763
25;0;38411347;38414100
26;0;55824825;55827632
27;0;35706680;35709263
28;0;36990370;36993502
29;0;24249074;24251450
30;0;227681844;227684439
31;0;23663450;23665666
32;0;45447663;45450254
33;0;29145208;29148156
34;0;28911868;28915505
35;0;34806984;34809864
36;0;34969642;34972097
37;0;35098818;35102105
38;0;34008770;34011646
39;0;61051592;61054223
40;0;24599915;24601744
41;0;24520969;24522851
42;0;21350541;21352284
43;0;22649266;22651055
44;0;28413262;28415718
45;0;28932731;28935178
46;0;45391565;45394054
47;0;21364846;21366265
48;0;28263297;28265518
49;0;40023334;40026226
