0;0;293961589;293966312
1;0;1195465463;1195470300
2;0;105565398;105569091
3;0;758854273;758858790
4;0;28143370;28147024
0;0;2706249;2709057
1;0;23883876;23887060
2;0;2430595;2433092
3;0;10001578;10003990
4;0;5264507;5266754
0;0;1888881;1891026
1;0;17733436;17736043
2;0;2060301;2062268
3;0;7747252;7749600
4;0;1668845;1671022
0;0;1710382;1712629
1;0;15457293;15459825
2;0;2010662;2012764
3;0;7646427;7648684
4;0;1667499;1669612
0;0;1699126;1701347
1;0;15790929;15793955
2;0;2049554;2051759
3;0;7589314;7591961
4;0;1664812;1667142
