0;0;657139949;657145483
1;0;84735377;84740068
2;0;55327689;55332602
3;0;2421563807;2421569223
4;0;35548917;35553586
5;0;26017976;26021722
6;0;312659116;312664770
7;0;388224866;388230674
8;0;61175384;61180387
9;0;81577145;81581988
10;0;43036884;43041056
11;0;56941241;56945566
12;0;76491114;76496107
13;0;273625433;273630666
14;0;38314257;38319356
15;0;23252638;23256925
16;0;29090516;29094612
17;0;55915575;55920243
18;0;34003186;34007967
19;0;31165758;31170806
20;0;49642051;49646995
21;0;85725998;85731129
22;0;49839036;49843695
23;0;37084836;37089264
24;0;391691698;391697051
25;0;1967040679;1967046325
26;0;99038838;99043786
27;0;45488560;45493018
28;0;170491639;170496658
29;0;35789299;35793720
30;0;140425477;140431063
31;0;27930139;27934208
32;0;26942581;26946271
33;0;4129204106;4129210476
34;0;73341013;73345941
35;0;27274133;27278296
36;0;29843551;29847332
37;0;57671304;57675838
38;0;33988197;33992265
39;0;47980771;47985180
40;0;38154956;38159502
41;0;39020801;39024456
42;0;21967478;21970398
43;0;24509526;24513404
44;0;48458022;48462077
45;0;30790906;30795111
46;0;656078284;656083724
47;0;29105238;29108538
48;0;32714434;32717980
49;0;83394366;83399204
