0;0;462780108;462784983
1;0;163150284;163155990
2;0;211169937;211174868
3;0;65320206;65325154
4;0;27556674;27561780
5;0;350419052;350424692
6;0;30431706;30435643
7;0;27925240;27928183
8;0;33740958;33745194
9;0;98936626;98942398
10;0;34765994;34769648
11;0;58281232;58285514
12;0;76085617;76090502
13;0;90095843;90101029
14;0;78481948;78487146
15;0;41005934;41011214
16;0;73589092;73595031
17;0;27235782;27240831
18;0;35701064;35705334
19;0;85286449;85291431
20;0;40286125;40291163
21;0;69115153;69119974
22;0;30081749;30086944
23;0;46308856;46313501
24;0;66029393;66034661
25;0;103766050;103770888
26;0;73123097;73128137
27;0;47248601;47253568
28;0;24591604;24595315
29;0;44500876;44506000
30;0;279680584;279686342
31;0;68508513;68513405
32;0;78750761;78755601
33;0;38002330;38007448
34;0;26684475;26688166
35;0;719186751;719191379
36;0;536753239;536759119
37;0;24239315;24242899
38;0;112757372;112762621
39;0;25144089;25148165
40;0;36605826;36610715
41;0;466825916;466831679
42;0;30309560;30314055
43;0;59713296;59718971
44;0;100887813;100893453
45;0;21662221;21665294
46;0;20341644;20344672
47;0;399309938;399315301
48;0;86302338;86307632
49;0;27753648;27757700
0;0;28699698;28703700
1;0;34780516;34784709
2;0;78903904;78908659
3;0;32967042;32972409
4;0;22447094;22450821
5;0;232547879;232553277
6;0;22899817;22902467
7;0;24861995;24865141
8;0;24837588;24841308
9;0;34483819;34493619
10;0;33311311;33314744
11;0;26056530;26060424
12;0;47445360;47449965
13;0;71117894;71129711
14;0;35516412;35521325
15;0;24204152;24208208
16;0;31241352;31245654
17;0;23619934;23624134
18;0;25070161;25074457
19;0;56331367;56335736
20;0;25450606;25454830
21;0;48805984;48810947
22;0;20241245;20244200
23;0;24256853;24260744
24;0;39790239;39794985
25;0;91787207;91792054
26;0;70942486;70946940
27;0;37779588;37784520
28;0;23384291;23387670
29;0;43631288;43636168
30;0;64724923;64729944
31;0;52154472;52159686
32;0;36935235;36939042
33;0;32194152;32198541
34;0;26243906;26247219
35;0;475082813;475088089
36;0;51874215;51878669
37;0;20091340;20093472
38;0;84070633;84075042
39;0;24994892;24999163
40;0;26759353;26763233
41;0;72638361;72643568
42;0;22341312;22344975
43;0;45543434;45548566
44;0;87548610;87553179
45;0;21297823;21300959
46;0;19472094;19474225
47;0;34942001;34945215
48;0;51805412;51810134
49;0;21954335;21957829
0;0;28521373;28525020
1;0;34524091;34528673
2;0;78828057;78832647
3;0;31058005;31062527
4;0;22171519;22174343
5;0;239795637;239800305
6;0;22726238;22729426
7;0;24456291;24459042
8;0;24640957;24645098
9;0;34285315;34289818
10;0;32917844;32921707
11;0;25582967;25586630
12;0;47095806;47100202
13;0;70550076;70554272
14;0;35140898;35144479
15;0;24195799;24199321
16;0;31255958;31260626
17;0;23550374;23554061
18;0;26289574;26293788
19;0;54843706;54848304
20;0;25397611;25401670
21;0;48512102;48517596
22;0;20061624;20065147
23;0;24262331;24266472
24;0;39782235;39786694
25;0;80210170;80214716
26;0;70793180;70797976
27;0;38608143;38616308
28;0;23292376;23296232
29;0;43426918;43431490
30;0;64502755;64507331
31;0;53427691;53432439
32;0;36651177;36655337
33;0;31989793;31994764
34;0;26187319;26191022
35;0;475099454;475105344
36;0;51447459;51452238
37;0;19798185;19800862
38;0;82327495;82332050
39;0;24710359;24713846
40;0;26817931;26821814
41;0;72737938;72742750
42;0;22272094;22275489
43;0;45383969;45388659
44;0;87620643;87624888
45;0;22372472;22375340
46;0;19175075;19177642
47;0;34822673;34826455
48;0;52204961;52209317
49;0;21835530;21838452
0;0;28444507;28448829
1;0;34434296;34439113
2;0;78735504;78740824
3;0;30873964;30878797
4;0;22099135;22101676
5;0;233517183;233522051
6;0;22589235;22592388
7;0;24474237;24477148
8;0;24534037;24537496
9;0;34407537;34411906
10;0;32957827;32962458
11;0;25474987;25478524
12;0;47150680;47155169
13;0;70359436;70363810
14;0;35175056;35179738
15;0;23924066;23927683
16;0;31055868;31059252
17;0;23303644;23307881
18;0;24813572;24817047
19;0;56885187;56890940
20;0;31994864;31999306
21;0;51093542;51098224
22;0;19973083;19976178
23;0;24026726;24030446
24;0;39470954;39475340
25;0;79474826;79479381
26;0;70482961;70487737
27;0;37245498;37249745
28;0;23072375;23075340
29;0;43426116;43431528
30;0;65802086;65806752
31;0;51749922;51754522
32;0;36699556;36704499
33;0;31922312;31926771
34;0;26202380;26205825
35;0;474889684;474894611
36;0;51520060;51525098
37;0;19809700;19812168
38;0;82223316;82227763
39;0;24542844;24546345
40;0;26603571;26607268
41;0;74126802;74138941
42;0;22394074;22408778
43;0;45413518;45416290
44;0;87375673;87378391
45;0;20865742;20867389
46;0;19138661;19140073
47;0;34715843;34718069
48;0;51545643;51548294
49;0;21852327;21854469
0;0;28312723;28315003
1;0;34482735;34485483
2;0;80169834;80173143
3;0;30693216;30696388
4;0;21938930;21940655
5;0;231340023;231343101
6;0;22390056;22391366
7;0;24212314;24213639
8;0;24456790;24459143
9;0;35395967;35398882
10;0;32706488;32708909
11;0;25286886;25288961
12;0;47323390;47325816
13;0;70460286;70463088
14;0;35206795;35209091
15;0;23862329;23864534
16;0;30892392;30894639
17;0;23116144;23118109
18;0;24687249;24689305
19;0;54324377;54326810
20;0;26480119;26482476
21;0;48609243;48611993
22;0;19849312;19850726
23;0;24132786;24135069
24;0;39618480;39621692
25;0;79782160;79784956
26;0;70365822;70368447
27;0;37301973;37304262
28;0;23171900;23173641
29;0;44677538;44680314
30;0;64213971;64216728
31;0;51631101;51634487
32;0;36479012;36481179
33;0;31886625;31889103
34;0;25951722;25953835
35;0;476011028;476013898
36;0;51307211;51310316
37;0;19633170;19634716
38;0;82159622;82162509
39;0;24464703;24466891
40;0;26565314;26567719
41;0;72571371;72573601
42;0;22121858;22124418
43;0;46854048;46856780
44;0;87303097;87306238
45;0;20835608;20837587
46;0;19133002;19134621
47;0;35002698;35005600
48;0;51999775;52002869
49;0;21694835;21696725
