0;0;438532304;438537239
1;0;426806879;426811802
2;0;196680129;196685423
3;0;53784507;53789100
4;0;57094722;57099677
5;0;107338239;107343227
6;0;24028177;24031405
7;0;22340477;22343340
8;0;116993860;116999937
9;0;243372164;243377664
10;0;49892697;49897478
11;0;45584947;45590116
12;0;53373503;53377834
13;0;35625244;35629701
14;0;44003479;44008569
15;0;362782658;362787966
16;0;39137682;39142045
17;0;49195279;49199905
18;0;86576051;86581333
19;0;158119968;158125524
20;0;39445441;39449415
21;0;20981631;20985384
22;0;122811599;122816637
23;0;66416531;66421880
24;0;54575798;54580478
25;0;80622547;80627351
26;0;46826659;46831710
27;0;29251223;29255616
28;0;45940286;45944820
29;0;125001394;125007184
30;0;27658069;27661602
31;0;40426463;40430581
32;0;26324471;26328429
33;0;23162204;23165867
34;0;120666208;120671838
35;0;21909356;21913591
36;0;32512854;32517207
37;0;29904185;29907604
38;0;50008506;50012577
39;0;99830511;99834785
40;0;27707627;27710409
41;0;61353067;61358187
42;0;52117388;52121864
43;0;67203320;67208444
44;0;77731625;77736387
45;0;326661361;326667444
46;0;332944130;332950553
47;0;49990139;49994436
48;0;29261344;29265452
49;0;58020205;58024767
0;0;22844527;22847774
1;0;169071595;169076677
2;0;33624525;33629073
3;0;29528406;29532985
4;0;37051761;37056102
5;0;39762044;39766174
6;0;20680844;20683708
7;0;20531929;20534499
8;0;25459142;25463095
9;0;112721450;112725784
10;0;43838429;43843125
11;0;34575105;34579305
12;0;37428488;37432048
13;0;34644083;34655565
14;0;43686568;43691359
15;0;80244075;80248576
16;0;25738604;25746227
17;0;34273841;34277163
18;0;52238875;52243254
19;0;42386238;42391116
20;0;34695197;34699094
21;0;20656151;20659040
22;0;59945373;59949978
23;0;51786291;51790637
24;0;33416618;33421082
25;0;82220913;82226113
26;0;39598145;39602385
27;0;21382503;21385079
28;0;25065930;25069673
29;0;41367076;41371495
30;0;20414541;20417257
31;0;36046864;36050977
32;0;24112900;24116116
33;0;22728134;22731188
34;0;121284054;121288402
35;0;21255662;21258747
36;0;30692347;30696029
37;0;24109829;24112704
38;0;35388183;35392425
39;0;21470550;21472793
40;0;16685822;16688043
41;0;37887183;37891350
42;0;45531557;45536946
43;0;40510405;40514725
44;0;55380433;55384706
45;0;62625289;62629599
46;0;91262186;91266716
47;0;19884618;19887131
48;0;21626374;21629012
49;0;45787083;45791661
0;0;22795917;22798986
1;0;169334883;169340064
2;0;33664459;33668797
3;0;30815742;30820116
4;0;37261116;37265278
5;0;39295695;39300182
6;0;20524061;20526988
7;0;20271272;20273654
8;0;25199243;25202443
9;0;110454098;110458680
10;0;43715592;43719785
11;0;34177352;34181587
12;0;37241700;37245681
13;0;33914626;33918828
14;0;43419628;43424195
15;0;80386431;80390781
16;0;25724839;25727540
17;0;37541369;37546340
18;0;52158823;52163362
19;0;42411146;42415857
20;0;34940615;34943794
21;0;20569457;20571885
22;0;59566826;59571160
23;0;51838187;51843326
24;0;33255592;33260209
25;0;80635712;80639853
26;0;39359034;39363879
27;0;22342100;22347956
28;0;24876588;24880400
29;0;41262502;41267330
30;0;20213722;20215924
31;0;37639049;37642861
32;0;23906346;23909438
33;0;22567992;22571197
34;0;121561457;121566311
35;0;21128086;21130262
36;0;30407442;30410376
37;0;23949355;23952066
38;0;35199573;35203519
39;0;21312674;21314867
40;0;16429528;16431782
41;0;37771419;37775976
42;0;36639378;36643392
43;0;35781391;35786033
44;0;55187779;55192605
45;0;65827164;65831933
46;0;91050970;91055466
47;0;19769650;19771966
48;0;21533214;21535645
49;0;45691817;45696561
0;0;22578146;22581313
1;0;168876581;168880965
2;0;33435012;33438948
3;0;29026235;29029781
4;0;36856988;36860885
5;0;40586614;40590905
6;0;20327235;20329418
7;0;20241480;20243722
8;0;25108579;25112641
9;0;110915196;110919883
10;0;43775547;43779971
11;0;34155376;34160030
12;0;37373526;37377349
13;0;33741673;33745572
14;0;43269112;43273435
15;0;80408721;80413848
16;0;25683714;25687815
17;0;36871913;36875772
18;0;51966068;51970924
19;0;42173781;42177856
20;0;34755353;34759252
21;0;20462056;20465127
22;0;59405694;59409991
23;0;51429679;51434476
24;0;33221681;33225199
25;0;80251690;80256328
26;0;39117983;39122042
27;0;21126719;21129856
28;0;26053887;26057847
29;0;41435207;41439685
30;0;20104806;20107726
31;0;36101982;36105674
32;0;24088520;24091755
33;0;22811447;22814786
34;0;121399070;121403491
35;0;21037498;21039810
36;0;30299023;30302049
37;0;23934569;23937353
38;0;35080443;35084276
39;0;21106644;21109757
40;0;16488928;16492808
41;0;41295958;41307339
42;0;36918414;36935137
43;0;35797920;35800266
44;0;55041105;55043959
45;0;62179321;62182326
46;0;91139836;91142728
47;0;19360475;19361891
48;0;21331093;21333124
49;0;45594563;45597327
0;0;22500027;22501832
1;0;170063654;170066784
2;0;33426767;33429038
3;0;29245071;29247163
4;0;36906148;36908517
5;0;39202574;39205553
6;0;20273306;20274938
7;0;20101641;20103175
8;0;24856068;24858139
9;0;113711730;113714591
10;0;43613273;43615951
11;0;34145008;34147437
12;0;37186088;37189305
13;0;34161053;34163577
14;0;43669340;43672427
15;0;80216572;80219426
16;0;25333892;25335476
17;0;33751010;33753306
18;0;52090629;52093942
19;0;43659166;43662076
20;0;34500816;34503221
21;0;20284432;20285980
22;0;59706024;59708916
23;0;51620498;51622943
24;0;33256340;33258660
25;0;80626987;80629751
26;0;39084482;39087051
27;0;21006879;21008312
28;0;24511394;24513340
29;0;43862918;43865876
30;0;20868946;20870544
31;0;37429855;37431853
32;0;24437865;24439514
33;0;22993758;22995600
34;0;122625610;122629094
35;0;20929003;20930676
36;0;30274731;30276512
37;0;23848247;23849591
38;0;35078594;35080653
39;0;26472166;26474556
40;0;21181572;21183406
41;0;42014755;42017031
42;0;36636959;36639387
43;0;35814002;35816320
44;0;54880759;54882959
45;0;62187749;62190344
46;0;91000543;91003612
47;0;19470122;19471513
48;0;24039385;24041279
49;0;45590767;45593148
