0;0;368059817;368064772
1;0;32205694;32210202
2;0;43855871;43860214
3;0;46850522;46855185
4;0;18789771;18793735
5;0;65904206;65908900
6;0;20365663;20370440
7;0;25995476;26000542
8;0;13339502;13343712
9;0;15108925;15114972
10;0;28015288;28020735
11;0;11698200;11702136
12;0;13966170;13970170
13;0;16686677;16690578
14;0;32175115;32179626
15;0;78263436;78268236
16;0;10664736;10667861
17;0;14991616;14995658
18;0;10038843;10041867
19;0;9915233;9918497
20;0;35338510;35344510
21;0;24740833;24746235
22;0;10032710;10036530
23;0;63663248;63669618
24;0;12994177;12997257
25;0;9118367;9121002
26;0;39592594;39596274
27;0;13062609;13065816
28;0;17067852;17070964
29;0;12027994;12031114
30;0;11103704;11106528
31;0;13383035;13385815
32;0;8921946;8924468
33;0;39916584;39919469
34;0;8009643;8012182
35;0;12574874;12577677
36;0;7451932;7454395
37;0;5672114;5674542
38;0;10159436;10162142
39;0;6368708;6371367
40;0;15888127;15890864
41;0;10863429;10865867
42;0;13104243;13107130
43;0;9138601;9141239
44;0;9224152;9226658
45;0;7022889;7025380
46;0;5545391;5548017
47;0;14962414;14964932
48;0;54520446;54525679
49;0;5735259;5737706
