0;0;3208208810;3208214790
1;0;1680398237;1680403053
2;0;689777034;689780931
3;0;8234167588;8234172961
4;0;2167136755;2167141890
0;0;6639099;6642491
1;0;5502348;5505359
2;0;2405847;2408674
3;0;17566949;17570059
4;0;22757361;22760978
0;0;31661292;31663977
1;0;3434625;3437008
2;0;1604640;1606744
3;0;11392353;11395609
4;0;14731141;14734205
0;0;3746317;3748628
1;0;6664332;6666650
2;0;1685312;1687455
3;0;10202863;10205865
4;0;13943684;13947126
0;0;3674957;3677277
1;0;3258712;3260973
2;0;1485231;1487349
3;0;9752029;9755084
4;0;13250021;13252548
