0;0;712903847;712909527
1;0;123205412;123210466
2;0;78054540;78059552
3;0;49217273;49221607
4;0;114928804;114934082
5;0;38654711;38658732
6;0;58698982;58703775
7;0;49737972;49741977
8;0;27961554;27965197
9;0;34070667;34075455
10;0;75046435;75051164
11;0;63971192;63976298
12;0;49100501;49105447
13;0;45245731;45250585
14;0;51394509;51399314
15;0;34146049;34150291
16;0;40245535;40250180
17;0;40460535;40464942
18;0;24343647;24347087
19;0;160330620;160335376
20;0;107797744;107802236
21;0;41862621;41866602
22;0;118907138;118912668
23;0;88242339;88247337
24;0;37072725;37076772
25;0;41424056;41428656
26;0;44603291;44607592
27;0;57114318;57119113
28;0;104655303;104660298
29;0;49105823;49110531
30;0;62963884;62968433
31;0;50666508;50671609
32;0;97287503;97293101
33;0;72198590;72203852
34;0;37303868;37308447
35;0;66789610;66794946
36;0;56892874;56897147
37;0;41235895;41240408
38;0;88036786;88041284
39;0;48891540;48895789
40;0;82310326;82315136
41;0;34950194;34953846
42;0;40522328;40526227
43;0;47086623;47090973
44;0;78931605;78936142
45;0;28479114;28481999
46;0;31758625;31761540
47;0;41066457;41070445
48;0;42980351;42984151
49;0;83871806;83876639
0;0;149319824;149324502
1;0;29694599;29698034
2;0;29556371;29561197
3;0;30924550;30928284
4;0;54123878;54128222
5;0;24057893;24061441
6;0;45775803;45779820
7;0;23664353;23667588
8;0;23172253;23175427
9;0;22955686;22959232
10;0;43120485;43124986
11;0;39379250;39383349
12;0;22126985;22130211
13;0;37861516;37872806
14;0;43111626;43116435
15;0;33017415;33020872
16;0;25535230;25538407
17;0;32978070;32981875
18;0;23769287;23772207
19;0;132108045;132112975
20;0;58901913;58906499
21;0;23919003;23921742
22;0;67531992;67536352
23;0;58882865;58887444
24;0;23213228;23216599
25;0;27626159;27630043
26;0;35170091;35174618
27;0;46200157;46204447
28;0;45704291;45708467
29;0;36588033;36592054
30;0;38829499;38833541
31;0;43015370;43019125
32;0;43343476;43347674
33;0;44159139;44163337
34;0;33060731;33065496
35;0;32030818;32035176
36;0;41905129;41909706
37;0;33517768;33521001
38;0;58851324;58855686
39;0;48787448;48791608
40;0;30994023;30997868
41;0;27935221;27938774
42;0;29868460;29871973
43;0;33563045;33566853
44;0;31718987;31722516
45;0;20365901;20368487
46;0;22605122;22607560
47;0;27125121;27128485
48;0;22093810;22096408
49;0;48620791;48625163
0;0;108361995;108366660
1;0;29394681;29397905
2;0;29170132;29174553
3;0;38478078;38482549
4;0;62205371;62209728
5;0;23719599;23722752
6;0;45779409;45783599
7;0;23392430;23395705
8;0;23054925;23057855
9;0;22816053;22818439
10;0;42841887;42845694
11;0;39427009;39431315
12;0;21789655;21792968
13;0;37388368;37392392
14;0;42731004;42735712
15;0;32994738;32999018
16;0;25388870;25392143
17;0;32991152;32995053
18;0;23529693;23532453
19;0;120798712;120803394
20;0;59889144;59893426
21;0;22857643;22860483
22;0;66645252;66649508
23;0;58418441;58422582
24;0;23176631;23180029
25;0;27474356;27477406
26;0;35072682;35077289
27;0;47183880;47192329
28;0;45868204;45872477
29;0;36274936;36278529
30;0;38340143;38343889
31;0;43078890;43083226
32;0;43138038;43142376
33;0;43426243;43430664
34;0;32853548;32857322
35;0;33322007;33326235
36;0;39559526;39563117
37;0;33179811;33183468
38;0;57940333;57944376
39;0;48688521;48692490
40;0;29689450;29693399
41;0;26817741;26821358
42;0;29845091;29848926
43;0;33433421;33437572
44;0;31434252;31438097
45;0;20076896;20079169
46;0;22368986;22371393
47;0;26813021;26816261
48;0;21932168;21934652
49;0;48570096;48574240
0;0;109922419;109927410
1;0;29367688;29370799
2;0;28964887;28968609
3;0;30510535;30514046
4;0;53614164;53618910
5;0;23545294;23548788
6;0;45507459;45511727
7;0;23382633;23385649
8;0;23043182;23046149
9;0;22919784;22923479
10;0;43395742;43400045
11;0;39338975;39343090
12;0;21579949;21582939
13;0;37031787;37035187
14;0;42626731;42631352
15;0;32726018;32729474
16;0;25424470;25427682
17;0;37421708;37426625
18;0;29531915;29535340
19;0;124725975;124730039
20;0;58176165;58180598
21;0;22815200;22818137
22;0;66399841;66403684
23;0;58228704;58232779
24;0;22887890;22890680
25;0;27332787;27335608
26;0;34780537;34784459
27;0;45631965;45635723
28;0;47129176;47133425
29;0;36412890;36417005
30;0;38461404;38464992
31;0;42562446;42566563
32;0;43051494;43055346
33;0;43703981;43707564
34;0;32701458;32705554
35;0;31837441;31841451
36;0;39689816;39693807
37;0;33192068;33196298
38;0;57508589;57512629
39;0;48631791;48635713
40;0;29715543;29719717
41;0;27028391;27038283
42;0;31308377;31323116
43;0;33400960;33403478
44;0;31345236;31347833
45;0;19932961;19934502
46;0;22286218;22287580
47;0;26838169;26840501
48;0;21841377;21842598
49;0;48862594;48865057
0;0;109295764;109298776
1;0;29271356;29273193
2;0;28971461;28974160
3;0;30392462;30394170
4;0;53562572;53566235
5;0;23444270;23446623
6;0;46859773;46862928
7;0;23246298;23248039
8;0;22989344;22990653
9;0;22666549;22668219
10;0;42701334;42704386
11;0;39368577;39371537
12;0;21734127;21736537
13;0;37410614;37412510
14;0;42988821;42992080
15;0;32748978;32751119
16;0;25163996;25166219
17;0;32730895;32733055
18;0;23200761;23202178
19;0;122440879;122444079
20;0;57893640;57896435
21;0;22615962;22617751
22;0;66576075;66578814
23;0;58245944;58248240
24;0;23060302;23062052
25;0;27318239;27320679
26;0;34845147;34847787
27;0;45634001;45636535
28;0;45605064;45608462
29;0;36895333;36898050
30;0;47563629;47567556
31;0;44579384;44581848
32;0;42810597;42813136
33;0;43256255;43259386
34;0;32660458;32663133
35;0;31433394;31436161
36;0;39444865;39448023
37;0;33336654;33339105
38;0;57301834;57304925
39;0;48324977;48327847
40;0;29525765;29528332
41;0;28173115;28175357
42;0;29473138;29475613
43;0;33351308;33353409
44;0;31156080;31158929
45;0;20006404;20007842
46;0;22210395;22212030
47;0;26845160;26847555
48;0;21847741;21849372
49;0;48361068;48364675
