0;0;736660550;736665790
1;0;685731839;685736986
2;0;140370242;140375715
3;0;53476020;53480449
4;0;85958893;85964041
5;0;106376125;106381719
6;0;915992297;915998471
7;0;155825669;155830209
8;0;1055740194;1055745614
9;0;105649906;105654711
10;0;1139387679;1139393132
11;0;391611637;391616473
12;0;69286365;69290936
13;0;98016142;98020896
14;0;154235939;154242283
15;0;240635003;240640703
16;0;942888061;942893468
17;0;158405620;158410528
18;0;2399089351;2399095461
19;0;266808018;266812783
20;0;4300720591;4300726881
21;0;1644777392;1644783388
22;0;73418505;73431690
23;0;80963546;80969254
24;0;80409805;80414634
25;0;423798397;423804464
26;0;69121657;69125812
27;0;608210954;608216536
28;0;4872180948;4872186665
29;0;438371046;438376505
30;0;98788943;98794162
31;0;218550240;218554930
32;0;666136173;666142323
33;0;63478513;63483315
34;0;31025262;31029624
35;0;3936900282;3936905872
36;0;162235191;162241321
37;0;36464849;36468489
38;0;109498591;109502247
39;0;771862422;771868369
40;0;67598013;67602682
41;0;68391884;68396487
42;0;89518883;89525075
43;0;182667205;182673522
44;0;44327648;44331874
45;0;129495280;129501040
46;0;158603620;158609443
47;0;634158592;634164882
48;0;173461250;173466847
49;0;76308851;76313587
