0;0;1189265828;1189271665
1;0;3921987705;3921993255
2;0;705320621;705324561
3;0;104883400126;104883405726
4;0;35818823553;35818829133
0;0;143820727;143824541
1;0;1127043508;1127048478
2;0;25676686;25680451
3;0;774604213;774609062
4;0;25508166;25511463
0;0;2234874;2236994
1;0;7442217;7444370
2;0;1823186;1825290
3;0;684482085;684486968
4;0;25348752;25351994
0;0;2068150;2070328
1;0;7458276;7460476
2;0;1761398;1763407
3;0;677612860;677618093
4;0;37743855;37748043
0;0;2424025;2426296
1;0;10301952;10304239
2;0;1928925;1931163
3;0;678597069;678602158
4;0;25426119;25430274
