0;0;342412780;342416928
1;0;32207030;32210021
2;0;19902223;19905023
3;0;23768974;23772085
4;0;15891573;15894531
5;0;17352534;17355403
6;0;42624781;42630334
7;0;28294190;28298684
8;0;11438696;11441936
9;0;22923234;22927081
10;0;26515456;26520124
11;0;11068203;11071495
12;0;9643002;9645882
13;0;20061637;20065487
14;0;15476090;15479688
15;0;9043232;9045730
16;0;8703226;8705722
17;0;29819953;29824442
18;0;45248078;45253841
19;0;10508337;10511934
20;0;10001179;10004882
21;0;14646072;14650963
22;0;9791581;9795091
23;0;8811535;8815267
24;0;7346560;7349855
25;0;6671052;6674000
26;0;14342133;14345916
27;0;56906891;56911345
28;0;16193803;16197753
29;0;6491005;6494151
30;0;5972908;5975750
31;0;8135267;8137792
32;0;14076972;14080092
33;0;7440212;7442685
34;0;6344981;6347840
35;0;7042067;7044585
36;0;13316544;13318992
37;0;7170324;7172611
38;0;10701438;10703991
39;0;13388489;13390948
40;0;11811600;11814101
41;0;5073618;5075895
42;0;15449672;15452382
43;0;5154811;5157254
44;0;8525713;8528007
45;0;6887806;6890243
46;0;5796333;5798669
47;0;17462572;17466134
48;0;26911290;26914746
49;0;21775913;21778805
