0;0;518068516;518073485
1;14967;21117548;1579016466
2;0;19181259;19183503
3;2;8269315;15542058
4;0;20958112;20961992
5;27678;3767764;815119038
6;0;17851104;17852422
7;0;15608867;15609966
8;0;23167879;23169397
9;0;34569300;34571038
10;0;22618759;22619905
11;0;12740924;12741953
12;8;2851004;19219539
13;373;2785444;38763615
14;0;53222727;53224477
15;0;15516232;15517291
16;0;14672891;14673874
17;0;9061051;9062081
18;0;36592405;36593532
19;0;36093124;36094978
20;0;11658385;11659411
21;0;12332733;12333834
22;211;2450439;179810272
23;0;8403837;8404842
24;0;7864032;7864980
25;0;45493298;45495131
26;0;29371952;29373402
27;2;4594479;16706819
28;174;2636542;52039669
29;0;16404880;16406026
30;0;315349934;315351657
31;1643;2827627;128364704
32;0;10167992;10169015
33;0;12340093;12341124
34;0;7658476;7659589
35;0;18236515;18237972
36;0;22461761;22463987
37;0;7450743;7451805
38;2445;2018143;209795328
39;6593;3215330;1517514637
40;0;35937604;35939757
41;0;20847170;20849184
42;0;53075522;53077557
43;3;11189060;26674843
44;0;7374352;7375435
45;0;7797580;7798754
46;0;1452401702;1452403429
47;0;53203087;53204729
48;0;46951136;46952974
49;0;10944102;10945354
