0;0;339380205;339384107
1;0;76374859;76378970
2;0;44048038;44052824
3;0;39627942;39633415
4;0;20442826;20447380
5;0;31519090;31523747
6;0;39759782;39766283
7;0;51591890;51597253
8;0;12826386;12829417
9;0;49613168;49617761
10;0;45958517;45963101
11;0;9537647;9541463
12;0;28801995;28807118
13;0;10626553;10630138
14;159;13306086;37152384
15;0;13900625;13903745
16;0;12389142;12391375
17;0;5351119;5353096
18;0;33810865;33814533
19;0;139397663;139401037
20;0;6935498;6937119
21;0;8036122;8037828
22;0;5149186;5150755
23;0;93557441;93561094
24;0;8704012;8705888
25;0;1631159114;1631162142
26;0;7873371;7875008
27;0;6422275;6423927
28;0;6064068;6065585
29;0;27812278;27814285
30;0;30646091;30648477
31;0;667094215;667097342
32;0;269996210;269999097
33;0;10813685;10815209
34;0;20800363;20802883
35;0;8259722;8261190
36;0;10928497;10930252
37;0;16008802;16011136
38;0;102499903;102502536
39;167;22963124;138203029
40;0;32107087;32108591
41;30;1503465;6918124
42;0;7228827;7229879
43;0;6086903;6088037
44;0;9693391;9694492
45;0;87339171;87340919
46;0;5444377;5445450
47;0;102044516;102046443
48;0;7113797;7114794
49;0;12053005;12054076
