0;0;468750966;468755816
1;0;169015467;169021166
2;0;120732123;120736473
3;0;62080165;62084558
4;0;35046154;35050777
5;0;169828310;169832915
6;0;71537216;71542618
7;0;124439644;124444105
8;0;23787837;23792182
9;0;35287532;35291249
10;0;48548326;48552653
11;0;39042319;39047020
12;0;70902270;70906634
13;0;23752002;23755251
14;0;33037448;33041879
15;0;61662781;61667303
16;0;28043896;28047527
17;0;44662769;44667252
18;0;22366152;22369526
19;0;58068460;58073107
20;0;259251122;259256589
21;0;102443836;102448725
22;0;47712042;47716303
23;0;99069713;99074739
24;0;46007862;46012874
25;0;59874060;59878833
26;0;165642482;165647172
27;0;36384582;36389232
28;0;102913070;102917743
29;0;29556318;29560892
30;0;420305287;420310899
31;0;80419944;80424574
32;0;47585931;47590042
33;0;31202169;31206023
34;0;29859300;29862983
35;0;34522936;34527004
36;0;35885043;35889287
37;0;120345101;120349522
38;0;37544446;37548806
39;0;107946455;107950964
40;0;37524578;37528155
41;0;35000344;35004088
42;0;33438117;33442011
43;0;32051735;32054902
44;0;47179091;47183209
45;0;40534444;40537990
46;0;69591737;69596172
47;0;30902262;30905594
48;0;41245297;41249346
49;0;229149786;229155886
