0;0;468465767;468470894
1;0;399749254;399754240
2;0;296149783;296155303
3;0;233261775;233267283
4;0;48534619;48539130
5;0;51940654;51945654
6;0;24271936;24275418
7;0;55812670;55817692
8;0;29184706;29188588
9;0;40773119;40777681
10;0;305205860;305211816
11;0;58984727;58989600
12;0;67542701;67548035
13;0;20840833;20843793
14;0;40056993;40061087
15;0;25605072;25608822
16;0;20988250;20991316
17;0;22188949;22191872
18;0;78434195;78439532
19;0;131301026;131306384
20;0;68081250;68086395
21;0;34278819;34283429
22;0;76794537;76799193
23;0;107293650;107300230
24;0;105395468;105400500
25;0;33229433;33233214
26;0;53542292;53546734
27;0;87828400;87833047
28;0;114831441;114836118
29;0;164184792;164189123
30;0;26084982;26088173
31;0;40436887;40440339
32;0;64917293;64920976
33;0;22747750;22750978
34;0;89576989;89581676
35;0;33995304;33999659
36;0;58353754;58357979
37;0;68420813;68426226
38;0;33956497;33960397
39;0;135153039;135157227
40;0;95413382;95418134
41;0;83382744;83386925
42;0;39410936;39417008
43;0;167131976;167136837
44;0;24129480;24132826
45;0;73026063;73031037
46;0;30449353;30452824
47;0;110746432;110751352
48;0;106360144;106364855
49;0;1865147978;1865153273
