0;0;1364303634;1364310371
1;0;122255145;122259432
2;0;267046742;267052351
3;0;136186750;136191564
4;0;1168256969;1168262612
5;0;391550210;391556044
6;0;687200603;687206183
7;0;863145256;863150733
8;0;862665904;862672013
9;0;43480919;43486213
10;0;426904964;426910246
11;0;473895974;473901531
12;0;125517408;125523042
13;0;233505083;233510206
14;0;525308787;525315373
15;0;2356299654;2356304874
16;0;753523262;753528957
17;14;58758049;5476029314
18;0;189383889;189389574
19;0;89543937;89549337
20;0;301409291;301414602
21;5576;26739695;1587158945
22;0;652097319;652100919
23;0;615390890;615395120
24;0;152858838;152862721
25;0;347746410;347749847
26;0;195328025;195331339
27;0;414933227;414937459
28;0;50575688;50579011
29;0;485756457;485760367
30;10;47939313;219939441
31;0;40960586;40963405
32;0;4272945865;4272949438
33;0;36286440;36289777
34;0;657953263;657956849
35;0;169174204;169177077
36;0;293600403;293603895
37;0;763818466;763822458
38;0;393601186;393604509
39;0;209100457;209104368
40;0;81974365;81978025
41;0;70177998;70181469
42;0;36530635;36533590
43;0;597010018;597014913
44;0;96190123;96193970
45;0;101313409;101316802
46;1548;38015736;2130364631
47;0;1905929379;1905931976
48;0;437180133;437182351
49;0;612150823;612152960
