0;0;324716183;324721923
1;0;1184880994;1184886031
2;0;479473181;479477279
3;0;171592492;171596135
4;0;123696616;123700109
0;0;2876208;2879393
1;0;31980871;31983983
2;0;5186715;5189640
3;0;3038408;3041165
4;0;8169479;8172067
0;0;2141686;2144258
1;0;18295445;18298213
2;0;3652083;3654434
3;0;2239945;2242171
4;0;3464795;3467284
0;0;1640711;1642831
1;0;15469623;15472275
2;0;3390715;3392959
3;0;2159352;2161447
4;0;3443969;3446498
0;0;1601659;1603756
1;0;14704064;14707278
2;0;3233667;3235930
3;0;2023307;2025481
4;0;3206766;3209098
