0;0;832685846;832691232
1;0;8083925;8086655
2;0;10626263;10628924
3;0;2275925681;2275930307
4;0;1970898068;1970903562
0;0;42627235;42632046
1;0;5879105;5881437
2;0;4670720;4673280
3;0;1724194742;1724199801
4;0;1991513640;1991519031
0;0;42764358;42768699
1;0;2552851;2555159
2;0;3882874;3885328
3;0;1730085685;1730090819
4;0;1711987652;1711992572
0;0;43242281;43246516
1;0;2448126;2450385
2;0;3769491;3771821
3;0;2065377398;2065382283
4;0;1717590149;1717595311
0;0;43083834;43088270
1;0;2388162;2390463
2;0;3624693;3626933
3;0;1747784370;1747789638
4;0;1715305644;1715310306
