0;0;8139846916;8139852932
1;0;35246961251;35246966872
2;0;610488319;610492242
3;0;188714874;188719112
4;0;158173388;158177379
0;0;23994552;23998583
1;0;77676679;77681483
2;0;3728021;3730272
3;0;2478635;2480870
4;0;2365616;2367799
0;0;18370316;18373418
1;0;67816531;67820961
2;0;3343432;3345634
3;0;2185444;2187642
4;0;2118841;2121133
0;0;16431990;16434550
1;0;82248485;82253603
2;0;3563975;3566796
3;0;2507611;2509976
4;0;2373460;2375851
0;0;17430555;17432981
1;0;63836771;63841620
2;0;3273932;3276264
3;0;2156521;2158670
4;0;2024507;2026721
