0;0;361390573;361395034
1;0;41750911;41755720
2;0;41961121;41965725
3;0;19726175;19729918
4;0;47714502;47719178
5;0;48107115;48112171
6;0;30901062;30906553
7;0;80885488;80892001
8;0;14046292;14049612
9;0;58896918;58901796
10;0;13033186;13036887
11;0;29934070;29938308
12;0;20669434;20673845
13;0;11714885;11718814
14;0;19376365;19380048
15;0;16996793;17001103
16;0;30120986;30125746
17;0;13048831;13053097
18;0;14145741;14149979
19;0;12979270;12983539
20;0;37145093;37149773
21;0;31368107;31372841
22;0;45955012;45960071
23;0;9478447;9481689
24;0;6519024;6521636
25;0;9119925;9122346
26;0;22521428;22524192
27;0;8934128;8936627
28;0;92728067;92731707
29;0;21875722;21878753
30;0;9497330;9500267
31;0;36320255;36323678
32;0;31610135;31613895
33;0;6469530;6472017
34;0;8784742;8787330
35;0;11536468;11539011
36;0;7815415;7817935
37;0;88235610;88240521
38;0;6901125;6903570
39;0;625027663;625032604
40;0;7961608;7963961
41;0;6750417;6752796
42;0;6686838;6689528
43;0;17288443;17291013
44;0;11357997;11360260
45;0;8880692;8883264
46;0;9378320;9380696
47;0;16531529;16533964
48;0;13536374;13539054
49;0;16571704;16574448
