0;0;1061652496;1061658117
1;0;88998083;89002494
2;0;199775959;199780641
3;1422;7078672;186582830
4;0;6556999;6558126
0;0;123670508;123673151
1;0;22779445;22781922
2;0;71125071;71126914
3;1422;2698666;98102185
4;0;3710825;3711823
0;0;83063960;83065828
1;0;17170665;17171861
2;0;58155906;58157497
3;1422;2322869;82513601
4;0;3347762;3348712
0;0;82511949;82514234
1;0;16603805;16604652
2;0;57504278;57505795
3;1422;2173008;81870130
4;0;3011971;3012851
0;0;68762924;68764416
1;0;16645405;16646320
2;0;57215453;57217130
3;1422;2029678;92604441
4;0;3087366;3088288
