0;0;1201770285;1201775417
1;0;34543034;34546370
2;0;56940736;56945619
3;0;36703675;36708384
4;0;4832245;4834786
0;0;170838147;170842799
1;0;8067052;8069443
2;0;29859312;29864522
3;0;34515710;34520168
4;0;2880791;2883059
0;0;105432091;105436956
1;0;6577413;6580039
2;0;23661584;23665685
3;0;8932156;8934803
4;0;2337556;2339834
0;0;101832890;101837020
1;0;6296678;6299276
2;0;20296298;20300443
3;0;7430586;7432748
4;0;2065972;2068188
0;0;97634168;97639328
1;0;5070856;5073150
2;0;16601522;16604040
3;0;6796377;6798732
4;0;1894261;1896581
