0;0;517970130;517975582
1;0;171025706;171031139
2;0;76454655;76459283
3;0;53195282;53199875
4;0;49614968;49619994
5;0;83402993;83408019
6;0;2240295493;2240301031
7;0;68892577;68898204
8;0;54965390;54969646
9;0;403864755;403869953
10;0;53730747;53735289
11;0;31473130;31477370
12;0;35998468;36002800
13;0;71951742;71956455
14;0;61745141;61750002
15;0;50591436;50596029
16;0;57575042;57579555
17;0;92244644;92249661
18;0;219391123;219396437
19;0;42175905;42181142
20;0;81519714;81524358
21;0;31910711;31915234
22;0;49333666;49337803
23;0;51439050;51444153
24;0;30545899;30549605
25;0;36686663;36690677
26;0;57199183;57203496
27;0;46428646;46433512
28;0;28698171;28701992
29;0;45339422;45343782
30;0;41476206;41480523
31;0;40518846;40523048
32;0;51945465;51949550
33;0;58185479;58189545
34;0;108356578;108361241
35;0;25936277;25940821
36;0;50178415;50183231
37;0;765657878;765662395
38;0;135601261;135605435
39;0;110157219;110161859
40;0;105621245;105625803
41;0;603178860;603183220
42;0;43460569;43465289
43;0;140377108;140382185
44;0;65556068;65561385
45;0;46481460;46486100
46;0;35995699;36000024
47;0;248561809;248566879
48;0;257263858;257268891
49;0;33388135;33392591
