0;0;449295837;449300672
1;0;253953726;253959969
2;0;62423811;62429094
3;0;815049233;815055033
4;0;65018847;65023252
5;0;52919178;52924346
6;0;81922605;81927607
7;0;163221453;163226340
8;0;38346714;38351563
9;0;30708610;30712662
10;0;76118363;76123815
11;0;84857711;84863283
12;0;25838635;25843153
13;0;60258915;60264225
14;0;34832985;34837801
15;0;40562891;40567747
16;0;44189978;44194716
17;0;53461288;53466488
18;0;42853992;42858355
19;0;43076555;43081362
20;0;190762474;190767798
21;0;64960824;64965617
22;0;42348761;42354081
23;0;123434186;123439937
24;0;112346354;112351350
25;0;38365014;38369203
26;0;26700999;26704745
27;0;40613219;40618224
28;0;32848535;32852996
29;0;51741235;51745985
30;0;43052565;43057419
31;0;24929021;24932833
32;0;34663106;34667318
33;0;68212554;68218146
34;0;39527888;39532909
35;0;35505033;35509692
36;0;101616175;101621838
37;0;47824455;47829045
38;0;43222991;43228478
39;0;81621582;81626488
40;0;31141905;31145578
41;0;47923723;47928521
42;0;35536805;35542148
43;0;113917060;113922307
44;0;33980291;33985315
45;0;64106951;64113059
46;0;35172653;35177515
47;0;32905312;32910109
48;0;41410098;41414860
49;0;22947778;22951458
