0;0;366812310;366816934
1;0;265661743;265666256
2;0;30901504;30906007
3;0;36844246;36849714
4;0;22181779;22185986
5;0;19999724;20003738
6;0;16761613;16765114
7;0;65299378;65303550
8;0;15878176;15881948
9;0;15903652;15907746
10;0;23455464;23461788
11;0;30647922;30653030
12;0;17518119;17523220
13;0;9255166;9258371
14;0;9069784;9072690
15;0;27774111;27779050
16;0;22623591;22628130
17;0;21704408;21707629
18;0;22554287;22557111
19;0;33115468;33119828
20;0;13456131;13458717
21;0;11090097;11092629
22;0;13602150;13604851
23;0;9620188;9622852
24;0;167963800;167968285
25;0;14288590;14291978
26;0;20599593;20603018
27;0;10314901;10317669
28;0;48484625;48489213
29;0;20351278;20354353
30;0;10989459;10992144
31;0;14573714;14576316
32;0;8419329;8422004
33;0;31830725;31834870
34;0;17331574;17334741
35;0;10112883;10115799
36;0;21229344;21233892
37;0;11738513;11741311
38;0;18705281;18708262
39;0;16604367;16608016
40;0;8767692;8770299
41;0;9993067;9995568
42;0;32969294;32972275
43;0;12157419;12160043
44;0;9289190;9291778
45;0;11189653;11192439
46;0;9284016;9286600
47;0;10206940;10209543
48;0;9156521;9159131
49;0;28651285;28655946
