0;0;763407506;763412883
1;0;111393423;111397938
2;0;118774312;118779349
3;0;39589508;39594028
4;0;96791139;96795958
5;0;186196265;186201192
6;0;86070577;86075829
7;0;62846662;62851182
8;0;155461967;155465696
9;0;34599190;34604183
10;0;75515953;75520673
11;0;64206832;64211192
12;0;31195578;31199550
13;0;168336845;168341921
14;0;58812247;58817492
15;0;58283698;58289027
16;0;40414674;40418937
17;0;40712359;40717152
18;0;24421442;24424974
19;0;248512528;248517540
20;0;241935414;241940744
21;0;24965366;24968907
22;0;130559234;130564243
23;0;100451297;100456483
24;0;204764273;204769483
25;0;1655740333;1655744993
26;0;54223028;54228153
27;0;747162394;747168054
28;0;220602718;220608225
29;0;68549629;68554488
30;0;112981459;112986742
31;0;185163362;185168537
32;0;431601714;431607203
33;0;58262922;58267465
34;0;83712526;83717067
35;0;100686643;100691544
36;0;73407017;73411832
37;0;78625829;78630662
38;0;344980933;344985783
39;0;66021161;66025813
40;0;288580622;288586186
41;0;36195930;36200291
42;0;32691280;32695682
43;0;34441459;34445772
44;0;163290190;163296035
45;0;30492612;30496702
46;0;24301233;24304458
47;0;32012180;32016107
48;0;64569479;64574263
49;0;63731751;63735930
