0;19;291476104;655885338
1;0;82313875;82319555
2;0;74504008;74508370
3;0;53602402;53606614
4;1191;2292165;79607036
5;107;2051390;46130277
6;0;291990924;291992975
7;0;38661836;38664005
8;356;10580986;52263728
9;0;185883317;185885390
10;0;155989342;155991745
11;0;33455351;33464264
12;0;42242651;42244531
13;0;50846900;50848961
14;444;2565168;239585199
15;0;60423947;60425653
16;0;220949784;220952092
17;0;210675934;210678468
18;0;36616904;36618996
19;114;1986953;28713232
20;0;140152633;140185481
21;413;1817569;32817880095
22;0;66635757;66637707
23;6;2085104;93765810
24;2;22279311;93581725
25;0;28769037;28770655
26;0;44437777;44439361
27;21580;12167345;843968296
28;0;206125434;206127120
29;1;159380953;291003071
30;4972;1710818;168100466
31;11;12998798;542966899
32;0;220095256;220097296
33;0;86124759;86126100
34;0;627705792;627707701
35;0;96033814;96035435
36;63;1726703;42389889
37;9761;1624338;36155456
38;0;30194412;30195960
39;22164;1512973;139793137
40;162;1729385;28166514
41;0;92514414;92516221
42;0;164571239;164572879
43;0;31115576;31116936
44;0;66531132;66533226
45;0;42510067;42511641
46;4;56176891;483873323
47;0;35121014;35122712
48;0;28515851;28517763
49;0;122747020;122748671
0;19;2351492;80864603
1;0;27809238;27810661
2;0;40101321;40103084
3;0;32142075;32143861
4;1191;1266845;46063652
5;107;1399199;29272493
6;0;196204353;196205059
7;0;32587332;32588102
8;356;1346615;40785753
9;0;96388520;96389395
10;0;63113454;63114207
11;0;27275909;27276613
12;0;31949831;31950626
13;0;27742360;27743115
14;444;1829677;148572386
15;0;41888149;41888916
16;0;123131009;123131644
17;0;134828040;134828943
18;0;33469408;33470008
19;114;1264377;23922471
20;0;71276526;71277288
21;413;1339541;1005520863
22;0;52487701;52488584
23;6;1601177;80751527
24;2;6786907;42075389
25;0;27405037;27405764
26;0;42099993;42101193
27;21580;1486346;789204645
28;0;123796848;123797705
29;1;131300090;253773891
30;4972;1209714;137425502
31;11;10357778;513748741
32;0;165422211;165428681
33;0;84174020;84174912
34;0;323472075;323472744
35;0;87744803;87745499
36;63;1347175;39636929
37;9761;1249756;31984178
38;0;26541451;26542084
39;22164;1165809;126388343
40;162;1235123;26159168
41;0;81022223;81023093
42;0;144876650;144902090
43;0;29709055;29710194
44;0;29555389;29556500
45;0;40043902;40045133
46;4;42825661;324097427
47;0;25476597;25477804
48;0;27297682;27298604
49;0;124534941;124535873
0;19;2309871;80831390
1;0;27697866;27698678
2;0;40023961;40024702
3;0;30618335;30619166
4;1191;1116278;45692691
5;107;1154278;28923087
6;0;198340104;198341123
7;0;32572695;32573521
8;356;1142704;40626782
9;0;96000898;96001700
10;0;63063762;63064621
11;0;28523047;28523732
12;0;31823698;31824488
13;0;27369830;27370750
14;444;1703667;145092130
15;0;41527348;41528209
16;0;124666093;124666956
17;0;135087380;135088328
18;0;33407634;33408436
19;114;1320937;24030442
20;0;69580383;69581268
21;413;1135101;1009495435
22;0;52648443;52649328
23;6;1650585;82657883
24;2;6825678;40753677
25;0;26524084;26524950
26;0;41663202;41664294
27;21580;1945018;792566017
28;0;133860947;133861940
29;1;130885139;255163384
30;4972;1090157;137711342
31;11;10193970;514393654
32;0;167079308;167080010
33;0;84159168;84159850
34;0;323123834;323124602
35;0;87699649;87699962
36;63;1142765;39553621
37;9761;1022960;31602660
38;0;26295185;26295628
39;22164;967038;125660982
40;162;1095962;25913831
41;0;81230520;81231280
42;0;146275326;146276023
43;0;29516363;29516893
44;0;29220422;29220998
45;0;41650351;41651033
46;4;40224288;323472679
47;0;25380665;25381244
48;0;27163497;27164088
49;0;124819516;124820288
0;19;2172654;80861126
1;0;27513430;27514061
2;0;41368644;41369312
3;0;30483237;30483790
4;1191;1023345;45597552
5;107;1097431;28999828
6;0;198166508;198167210
7;0;32437742;32438516
8;356;1041815;40662669
9;0;107374139;107374782
10;0;63195176;63195938
11;0;27021784;27024422
12;0;31767738;31768178
13;0;27123302;27123634
14;444;1529046;146536418
15;0;41504277;41504748
16;0;123726196;123726693
17;0;145959794;145960285
18;0;33363191;33363584
19;114;1087633;23845895
20;0;74649473;74650036
21;413;1408948;1029673332
22;0;52507567;52508306
23;6;1508288;82237794
24;2;6714262;40716530
25;0;26445110;26445908
26;0;41537353;41537915
27;21580;1327341;796891823
28;0;123789910;123790395
29;1;132375698;256682571
30;4972;1015769;139147204
31;11;10149897;515632859
32;0;166956537;166957219
33;0;85535235;85535692
34;0;335288515;335289113
35;0;89350240;89350711
36;63;1127153;39597527
37;9761;1053399;31531041
38;0;27767297;27767734
39;22164;982355;125313410
40;162;1152857;26100077
41;0;82958526;82959006
42;0;156894818;156895371
43;0;29473900;29474330
44;0;30720500;30721013
45;0;39841269;39841674
46;4;40181036;326448826
47;0;25245849;25246331
48;0;28502745;28503168
49;0;124864046;124864524
0;19;2043520;85343692
1;0;30925440;30925850
2;0;40269688;40270151
3;0;30271643;30272137
4;1191;966151;46880785
5;107;999148;28930532
6;0;199068560;199069106
7;0;32382184;32382610
8;356;930633;40506503
9;0;97680281;97681189
10;0;64418534;64419011
11;0;26935323;26935692
12;0;31496874;31497424
13;0;27282692;27283020
14;444;1625114;148004365
15;0;41443491;41444044
16;0;123978409;123978941
17;0;150062608;150063088
18;0;33336596;33337064
19;114;1053449;23788455
20;0;70947358;70947859
21;413;954572;1049544922
22;0;56422937;56423540
23;6;1691488;87542083
24;2;7903786;41984482
25;0;26489306;26489802
26;0;42852790;42853289
27;21580;1052475;797671644
28;0;123649796;123650320
29;1;144515407;268315068
30;4972;965666;138483890
31;11;10070872;516323342
32;0;167007647;167008204
33;0;85762931;85763407
34;0;332646154;332646733
35;0;90870916;90871469
36;63;1045858;39306780
37;9761;945741;31363006
38;0;26162159;26162617
39;22164;895343;135311296
40;162;1003353;26993090
41;0;80999896;81000546
42;0;145724325;145724900
43;0;30655202;30655656
44;0;29219186;29219706
45;0;39932518;39932979
46;4;40287374;326056110
47;0;25459891;25460628
48;0;27285329;27285851
49;0;124912234;124912738
