0;28;284713382;8009054281
1;0;2163641578;2163647688
2;11;29391600;535059947
3;0;51084234;51089752
4;14262;10047290;887646302
5;3109;24891333;9797056413
6;0;122500461;122502254
7;70;28411757;205611894
8;0;5546282685;5546284882
9;0;1188548513;1188550529
10;8;21615090;350551683
11;61;47055486;1016499407
12;3426;23854080;3904299305
13;0;224884603;224886292
14;0;320097595;320099463
15;70;7254388;518330914
16;0;70937097;70938772
17;6423;11448465;8747128368
18;0;347941781;347943861
19;158;4129555;447382647
20;0;985114703;985116641
21;35842;23830679;28718369876
22;0;127558709;127569924
23;0;36517203;36517902
24;0;256527414;256528388
25;0;43678205;43678817
26;0;62304504;62305280
27;0;868630533;868631413
28;0;295521798;295522756
29;0;275465553;275466487
30;0;75021513;75022222
31;0;383755839;383756799
32;0;50613900;50614714
33;3;82706519;260494357
34;0;322261884;322262649
35;13;16157569;53031268
36;0;32743440;32744242
37;0;148280706;148281486
38;330;27531758;890848890
39;166;18081649;1113049966
40;0;1899391930;1899392944
41;6599;26656520;10654070806
42;0;5012357008;5012358038
43;1017;3451227;1871920899
44;10;9542675;40388418
45;0;2589176860;2589177874
46;11;11184646;37992980
47;689252;27787266;134171148765
48;0;58912816;58921581
49;520;10887332;606194267
