0;10;343753874;52234065922
1;0;5366578929;5366584946
2;0;235865582;235869612
3;0;5631394667;5631400323
4;0;84653811;84657286
0;10;4551783;313013096
1;0;116373559;116378837
2;0;3364641;3366973
3;0;20619892;20622982
4;0;2629003;2631551
0;10;2462755;259615137
1;0;100858358;100862834
2;0;3169320;3171544
3;0;20225819;20228506
4;0;2463251;2465611
0;10;2234665;265075305
1;0;100570198;100574975
2;0;3078356;3080629
3;0;20269439;20272336
4;0;2273719;2276114
0;10;2102037;309519818
1;0;99847917;99852595
2;0;2892276;2894633
3;0;19962842;19965557
4;0;2238780;2241117
