0;0;456909749;456915819
1;0;123657592;123662719
2;243;10071201;117954615
3;0;593770388;593773176
4;0;29592823;29595150
5;0;111511887;111514849
6;0;156087330;156117194
7;0;162361032;162363376
8;0;46323057;46325266
9;0;109563803;109566173
10;0;298901032;298903604
11;0;103058354;103060370
12;0;71538698;71540781
13;52;2708072;64381374
14;0;188766822;188769060
15;0;49415047;49417035
16;0;30822009;30823694
17;0;28534343;28535900
18;0;78121643;78124052
19;0;35262715;35264221
20;1;27107358;42237126
21;0;30431065;30432707
22;0;76210548;76212993
23;0;47277617;47279349
24;0;306329281;306331465
25;0;838224408;838226698
26;0;49190217;49192154
27;0;38044290;38046081
28;0;37761825;37762994
29;0;242929041;242931459
30;0;37976398;37978340
31;0;37973048;37974874
32;0;55969201;55971187
33;0;40528684;40539892
34;0;260818252;260820306
35;0;176390237;176391802
36;0;28172497;28174200
37;0;27447218;27448626
38;0;56723055;56725149
39;0;28489703;28491757
40;0;30162867;30164878
41;114;1797999;70955703
42;0;152683479;152686098
43;0;90355116;90365041
44;0;31120710;31122315
45;0;69772188;69774468
46;0;54888518;54890327
47;0;43135906;43137968
48;0;82425988;82428433
49;0;93367782;93369478
0;0;25241794;25243535
1;0;23866379;23867888
2;243;2964698;35858234
3;0;189167607;189169536
4;0;26759191;26760699
5;0;69222835;69224644
6;0;135477880;135479623
7;0;103213672;103215700
8;0;36592026;36593391
9;0;30013659;30015736
10;0;234311440;234313118
11;0;52222889;52225289
12;0;57097804;57099589
13;52;1768067;46170534
14;0;164730833;164732574
15;0;41273886;41275453
16;0;26358811;26360281
17;0;24890723;24891981
18;0;34990924;34992825
19;0;29700059;29701684
20;1;23730386;31191558
21;0;28858106;28859581
22;0;53155011;53156785
23;0;43355053;43356700
24;0;233927040;233929289
25;0;198803491;198805491
26;0;28970358;28971697
27;0;24859097;24860541
28;0;23064566;23066079
29;0;156017003;156019007
30;0;33029539;33031647
31;0;38026627;38028648
32;0;52145527;52147398
33;0;36967795;36969449
34;0;214340038;214341989
35;0;165771009;165773023
36;0;25424872;25427392
37;0;26582324;26584480
38;0;53164980;53167230
39;0;26740200;26741565
40;0;27974296;27976086
41;114;1576990;58973170
42;0;133672960;133674807
43;0;48489853;48492048
44;0;28541468;28542959
45;0;60603280;60605550
46;0;51819241;51821185
47;0;39361119;39362990
48;0;61807171;61808658
49;0;90651543;90653237
0;0;25161785;25162881
1;0;25317421;25319092
2;243;2794585;35725860
3;0;176901084;176902677
4;0;26505908;26506974
5;0;69178644;69180447
6;0;136033648;136035123
7;0;104243855;104245255
8;0;36248282;36249802
9;0;29622524;29624044
10;0;233745408;233747564
11;0;40456985;40458416
12;0;52306284;52314458
13;52;1448457;45786983
14;0;166383862;166385662
15;0;41226164;41227394
16;0;26430940;26432336
17;0;24922052;24923481
18;0;35015858;35017519
19;0;29633980;29635907
20;1;23418661;30842303
21;0;28618145;28620068
22;0;52712864;52714417
23;0;42724066;42725831
24;0;233371902;233373735
25;0;198049857;198051582
26;0;28702802;28704310
27;0;25472545;25474101
28;0;23033507;23034493
29;0;155736524;155737575
30;0;32708060;32709267
31;0;37651036;37652398
32;0;51685370;51687095
33;0;36393647;36395480
34;0;213101760;213103544
35;0;164982156;164984763
36;0;26638915;26640066
37;0;26415026;26415844
38;0;52343007;52344395
39;0;26420660;26421611
40;0;25401477;25402496
41;114;1020981;48473017
42;0;133653937;133655497
43;0;48380076;48382269
44;0;28840849;28842717
45;0;60175810;60176949
46;0;53244303;53245845
47;0;39291399;39293006
48;0;61827191;61828859
49;0;90303716;90305434
0;0;25333319;25334651
1;0;23694972;23695965
2;243;2532830;35354429
3;0;178428028;178429270
4;0;26421270;26422364
5;0;69028041;69029545
6;0;135065406;135066585
7;0;103080514;103081912
8;0;36132899;36134125
9;0;29765244;29767200
10;0;235188828;235190428
11;0;40277952;40279082
12;0;52150926;52151954
13;52;1246113;45542274
14;0;173701412;173702863
15;0;41017565;41019140
16;0;26080509;26081857
17;0;24612546;24613565
18;0;34793326;34794441
19;0;29864661;29865847
20;1;23758356;31181299
21;0;28582068;28583452
22;0;52588721;52590026
23;0;42602380;42603463
24;0;233521552;233522794
25;0;198319818;198321201
26;0;29884835;29885925
27;0;24571924;24572957
28;0;22792876;22793777
29;0;155843684;155844849
30;0;33723999;33725060
31;0;37773144;37774335
32;0;53395294;53396534
33;0;36751509;36752824
34;0;225458639;225460110
35;0;164879358;164880829
36;0;26665891;26667004
37;0;26366872;26367771
38;0;52441722;52443348
39;0;26424686;26426277
40;0;25415387;25416728
41;114;1085574;48608535
42;0;133166738;133168098
43;0;49794665;49796888
44;0;28170400;28172000
45;0;60093748;60096082
46;0;51595137;51597417
47;0;39155794;39157949
48;0;61801559;61803954
49;0;90065582;90067516
0;0;26141248;26143164
1;0;23335567;23337113
2;243;2494711;35055251
3;0;176829714;176832121
4;0;26260194;26261912
5;0;68805293;68807373
6;0;136395338;136397622
7;0;102882012;102883991
8;0;36044015;36045926
9;0;29479213;29481079
10;0;234771197;234773719
11;0;40222554;40224622
12;0;52213642;52215409
13;52;1571750;47424317
14;0;164385437;164387712
15;0;40855192;40857241
16;0;26032375;26033953
17;0;24649268;24650388
18;0;34658719;34660192
19;0;30681738;30683501
20;1;22972797;30341516
21;0;28380595;28382239
22;0;52771037;52773354
23;0;42479400;42481379
24;0;233113330;233115920
25;0;199498719;199500552
26;0;28354578;28356244
27;0;24351353;24353463
28;0;22814382;22815801
29;0;155628041;155630870
30;0;32679538;32681613
31;0;37577486;37579448
32;0;51616926;51618759
33;0;36286079;36287797
34;0;214944029;214945841
35;0;164991243;164993392
36;0;25030067;25031961
37;0;26332458;26333801
38;0;53573162;53575555
39;0;26287789;26289867
40;0;25281705;25283161
41;114;895884;48202045
42;0;133921882;133923322
43;0;48308313;48310478
44;0;28221396;28223142
45;0;60451477;60453670
46;0;51602472;51604027
47;0;39196684;39198966
48;0;76370270;76373067
49;0;90947404;90949376
