0;0;478546821;478552124
1;0;131817641;131823253
2;0;114508215;114513031
3;0;145076887;145082294
4;0;113723636;113728766
5;0;35018953;35024624
6;0;87169787;87175337
7;0;53908556;53913584
8;0;27501006;27505023
9;0;52919945;52924691
10;0;41053613;41058526
11;0;46184725;46190245
12;0;64877676;64882813
13;0;201842671;201848594
14;0;32307824;32312826
15;0;44214316;44219083
16;0;32536406;32540799
17;0;48445379;48450499
18;0;37038609;37043861
19;0;27535470;27539826
20;0;45188770;45193817
21;0;29665879;29670110
22;0;34105218;34110442
23;0;41404178;41409846
24;0;35568203;35573340
25;0;35656975;35661615
26;0;58689760;58694520
27;0;45304914;45310145
28;0;71754028;71759417
29;0;158906560;158911946
30;0;101196729;101201260
31;0;42869007;42873819
32;0;59486691;59491442
33;0;27647329;27651202
34;0;29049753;29054448
35;0;71552422;71557568
36;0;174532354;174537283
37;0;68313200;68318005
38;0;32183906;32188584
39;0;61891451;61896284
40;0;35835771;35840550
41;0;52172194;52176867
42;0;60992130;60997313
43;294;2439295;730846864
44;0;61497157;61499536
45;0;29141646;29143102
46;0;73556812;73558341
47;0;28239001;28240721
48;0;31002267;31003862
49;0;88144872;88146796
0;0;33423701;33425317
1;0;24072954;24074594
2;0;33708107;33709794
3;0;41582738;41584710
4;0;69610292;69611984
5;0;25229990;25231535
6;0;41430187;41432359
7;0;24987189;24989196
8;0;23932277;23933964
9;0;31892325;31894061
10;0;26030585;26032140
11;0;39084002;39085409
12;0;35144484;35146209
13;0;76577591;76579473
14;0;26218780;26220357
15;0;41963297;41965064
16;0;24238472;24239957
17;0;29436225;29437742
18;0;30427130;30428768
19;0;23794625;23796123
20;0;36433976;36435569
21;0;24064653;24066185
22;0;25307138;25308700
23;0;31876108;31878263
24;0;27712443;27714036
25;0;31032694;31035122
26;0;40240736;40242592
27;0;30289338;30290879
28;0;51139301;51141037
29;0;85667391;85669288
30;0;91619061;91620955
31;0;35985517;35987279
32;0;47343778;47345806
33;0;27162410;27163987
34;0;28790097;28791772
35;0;58797438;58799374
36;0;131084263;131085907
37;0;58819219;58820850
38;0;27653362;27654583
39;0;48427657;48429379
40;0;35828820;35830389
41;0;35670711;35672391
42;0;53894667;53896464
43;294;1400412;438846988
44;0;31751775;31753250
45;0;23780250;23781810
46;0;68307484;68309715
47;0;27428006;27429404
48;0;27284685;27286262
49;0;72593204;72594804
0;0;33357624;33359033
1;0;23694768;23696182
2;0;33464100;33465820
3;0;41397990;41399433
4;0;71075876;71077542
5;0;24739560;24740927
6;0;41337110;41338606
7;0;24815288;24816624
8;0;23620339;23621459
9;0;31895687;31897508
10;0;25753035;25754626
11;0;38981140;38983093
12;0;34413457;34414939
13;0;74176498;74178343
14;0;25830539;25832048
15;0;41938793;41940377
16;0;24161712;24162926
17;0;29426590;29427973
18;0;30391817;30393420
19;0;23934378;23935413
20;0;36652839;36654643
21;0;23780137;23781544
22;0;25235348;25236792
23;0;31860487;31861781
24;0;29221537;29222918
25;0;31073158;31074786
26;0;40011013;40012509
27;0;31079629;31081149
28;0;51188781;51190362
29;0;85609038;85610323
30;0;91187415;91188639
31;0;35740747;35742027
32;0;45236208;45237554
33;0;26770583;26771644
34;0;28644828;28646106
35;0;58598673;58600228
36;0;130744476;130746067
37;0;60288296;60289959
38;0;27503193;27504421
39;0;48133228;48134645
40;0;35910629;35911959
41;0;35640429;35641716
42;0;53790361;53792314
43;294;1196165;439929372
44;0;31677974;31679148
45;0;23452870;23454016
46;0;67716057;67717399
47;0;27260470;27261352
48;0;27018965;27020184
49;0;72501504;72503176
0;0;33193438;33194755
1;0;23510541;23511823
2;0;33178081;33179389
3;0;41276801;41278124
4;0;69115684;69116783
5;0;26066283;26067735
6;0;41221597;41223020
7;0;24597157;24598289
8;0;23456668;23457991
9;0;31860781;31862708
10;0;25801777;25803187
11;0;38768109;38769615
12;0;34185429;34186833
13;0;73482211;73483851
14;0;25915913;25917290
15;0;41761777;41763228
16;0;24088507;24089547
17;0;29154982;29156177
18;0;30169269;30170417
19;0;23590975;23591979
20;0;36546857;36548194
21;0;23813107;23814112
22;0;25229023;25230254
23;0;33339836;33341253
24;0;27387886;27389223
25;0;30841656;30843352
26;0;39932227;39933632
27;0;29948644;29950458
28;0;50916183;50917842
29;0;85780558;85781857
30;0;91417910;91419331
31;0;35686712;35687858
32;0;45369088;45370599
33;0;26747800;26749059
34;0;28649965;28651245
35;0;60237919;60244707
36;0;131616480;131617777
37;0;58551738;58553263
38;0;27372743;27374146
39;0;48006771;48007993
40;0;35647533;35648830
41;0;35541112;35542335
42;0;53928465;53929773
43;294;1173283;438356749
44;0;31445224;31446815
45;0;23496087;23497671
46;0;67723790;67725608
47;0;28561015;28563095
48;0;26997271;26999022
49;0;72548543;72550543
0;0;32832392;32834453
1;0;23433550;23435350
2;0;33198768;33200528
3;0;40984364;40985926
4;0;68599060;68600639
5;0;24652014;24653548
6;0;40998443;41000339
7;0;24400139;24401296
8;0;23330044;23331314
9;0;31532257;31534041
10;0;25672344;25673996
11;0;40577788;40580082
12;0;34284111;34286334
13;0;74172319;74174081
14;0;25829923;25831373
15;0;41438614;41440649
16;0;23986638;23988229
17;0;29097805;29099354
18;0;29992389;29993718
19;0;23472887;23474144
20;0;35986413;35987980
21;0;23547041;23548525
22;0;24955636;24957231
23;0;31714058;31716207
24;0;27701878;27703461
25;0;30752148;30754402
26;0;41150980;41152923
27;0;29775304;29776796
28;0;51105486;51107267
29;0;85161387;85163376
30;0;91259881;91261650
31;0;35530203;35532353
32;0;45058056;45059972
33;0;26547572;26549012
34;0;28492705;28494451
35;0;60010207;60012172
36;0;130307621;130309976
37;0;58251573;58253672
38;0;27215105;27216538
39;0;47926035;47927988
40;0;35495806;35497601
41;0;35135713;35137322
42;0;53504777;53506746
43;294;998828;440228717
44;0;31341554;31343408
45;0;23351438;23352960
46;0;67557142;67558848
47;0;27113462;27114996
48;0;26886709;26888179
49;0;72328825;72330315
