0;0;2150224726;2150248948
1;0;24098242;24101278
2;0;166135428;166139128
3;0;6554818472;6554822940
4;0;4948257;4950643
0;0;1297908851;1297913533
1;0;10649844;10652891
2;0;4478922;4481148
3;0;1855005188;1855010087
4;0;3923239;3925776
0;0;1355672641;1355677490
1;0;5547923;5550342
2;0;3575417;3577723
3;0;1847900346;1847905222
4;0;3199985;3202122
0;0;1108170938;1108175494
1;0;5364934;5367369
2;0;3482692;3484857
3;0;1989835024;1989839700
4;0;3490928;3493217
0;0;1249191992;1249197109
1;0;5179004;5181366
2;0;3456607;3458796
3;0;1852352891;1852357214
4;0;3073989;3076234
