0;0;361923695;361928540
1;0;50869186;50873456
2;0;33991491;33996519
3;0;43981707;43986241
4;2;24218094;75908321
5;0;22627118;22631396
6;0;16868508;16872219
7;0;18828279;18832378
8;0;43520962;43525322
9;0;56811878;56817942
10;0;22970566;22974971
11;0;25112316;25116368
12;0;15672786;15676981
13;0;17513140;17517771
14;0;340198135;340203485
15;0;65223544;65228160
16;0;43149491;43154107
17;0;10747445;10750012
18;0;28272991;28277420
19;0;20638810;20643589
20;0;12329272;12332253
21;0;11554696;11557425
22;0;16050197;16052835
23;0;8946250;8948921
24;0;9440192;9442686
25;0;19011553;19017173
26;0;18543754;18547240
27;0;10909318;10912485
28;0;15209847;15212972
29;0;19307798;19310735
30;0;37853684;37858341
31;0;28439204;28442722
32;0;20739742;20743222
33;0;10163919;10166576
34;0;29689134;29693663
35;0;16372156;16375436
36;0;38646569;38651064
37;0;17588553;17591708
38;0;7345798;7348268
39;0;7846719;7849387
40;0;18638361;18641660
41;0;8499280;8501979
42;0;18690384;18699146
43;0;8059842;8062564
44;0;9755977;9758765
45;0;55060185;55065810
46;0;14644300;14646995
47;0;10212260;10214869
48;0;13023728;13026224
49;0;10232523;10235086
