0;0;270598933;270602846
1;0;3764449490;3764453964
2;0;8138367173;8138372350
3;0;31745847;31749287
4;0;2305103065;2305131315
0;0;2739005;2742055
1;0;10578162;10581389
2;0;59685368;59689868
3;0;2093614;2095904
4;0;9791488;9793971
0;0;1813255;1815556
1;0;6251482;6253920
2;0;19213079;19216408
3;0;1842491;1844601
4;0;5759004;5761373
0;0;1556250;1558341
1;0;5388866;5391443
2;0;18420209;18423732
3;0;1776951;1779165
4;0;5693820;5696342
0;0;1537162;1539280
1;0;5214503;5216792
2;0;18059456;18063106
3;0;1666965;1669141
4;0;5298795;5301362
