0;0;505283116;505288403
1;0;300599877;300604481
2;3768;46565425;12660948201
3;0;63789472;63791675
4;153;13457442;228121496
5;0;46026397;46028804
6;0;3386928505;3386931162
7;1065;4829232;1758540631
8;25;20738829;597713788
9;0;98394726;98397191
10;28;54534518;222191319
11;0;65720771;65722604
12;0;67052509;67054575
13;19;22337319;1013142326
14;887;3476312;260935845
15;0;102943814;102945607
16;0;138128378;138129898
17;0;132667281;132668831
18;0;256533118;256535361
19;0;92887235;92888960
20;0;103053341;103055054
21;0;1323238153;1323240476
22;0;111284903;111286463
23;0;80024390;80026202
24;0;34024781;34026593
25;2;31540332;132550726
26;12;13199091;122214367
27;0;818316236;818318313
28;0;174209443;174211530
29;395;23951601;382758439
30;0;1689827152;1689829364
31;0;531917530;531919770
32;0;48845985;48847576
33;5;27875716;433460253
34;28;74842989;953553475
35;0;47245451;47247169
36;0;34890936;34892470
37;0;842132028;842134085
38;0;252814088;252815775
39;0;377740813;377743030
40;0;57694607;57696181
41;0;24368874;24370159
42;272;70952175;1715172249
43;69;27690177;345610362
44;0;110233086;110234376
45;0;139079819;139081555
46;0;454094006;454095846
47;0;111058935;111061006
48;0;32074039;32075510
49;0;166151586;166153824
