0;0;522362002;522366543
1;0;303687779;303692546
2;0;78040696;78045378
3;0;6973956;6976391
4;0;12027847;12030845
0;0;8878893;8881196
1;0;86633318;86638071
2;0;29878807;29882480
3;0;4680337;4682715
4;0;5703446;5705788
0;0;6496419;6498801
1;0;38905914;38909945
2;0;21403946;21407854
3;0;3794792;3797022
4;0;4606624;4608836
0;0;5974155;5976743
1;0;37137794;37142211
2;0;19147248;19151392
3;0;3736919;3739140
4;0;4119417;4121645
0;0;5208969;5211183
1;0;30972655;30976624
2;0;16813467;16817285
3;0;3487965;3490306
4;0;3741044;3743075
