0;0;537984908;537990339
1;0;56280623861;56280629112
2;0;439325474;439330615
3;0;2671754294;2671758394
4;0;47162357;47166484
0;0;12421799;12425129
1;0;39976636428;39976642135
2;0;5441695715;5441702248
3;0;266766446;266770556
4;0;5152751;5155800
0;0;4771787;4774870
1;0;1173546558;1173551666
2;0;227267522;227272112
3;0;13851905;13854342
4;0;3261066;3263325
0;0;3329324;3331681
1;0;1199230148;1199234583
2;0;209329527;209334144
3;0;13357811;13360242
4;0;3159561;3161747
0;0;3207834;3210062
1;0;1198603420;1198608239
2;0;210481299;210485763
3;0;13224794;13227462
4;0;2724026;2726431
