0;0;1031668540;1031674151
1;0;40784679;40788399
2;0;5837217;5839709
3;0;10589962;10592545
4;0;14992629;14995726
0;0;121473467;121478604
1;0;7632806;7635488
2;0;3587653;3589872
3;0;6741393;6743647
4;0;7455386;7458188
0;0;98387565;98392466
1;0;6589929;6592268
2;0;3176992;3179327
3;0;6187187;6189742
4;0;6601548;6604616
0;0;109196548;109201461
1;0;6752090;6754886
2;0;3332298;3334524
3;0;5711750;5714112
4;0;4945179;4947662
0;0;87004824;87009306
1;0;6018532;6021075
2;0;2691833;2693897
3;0;5041300;5043448
4;0;4479211;4481599
