0;0;90768741997;90768748127
1;0;176749734;176753999
2;0;153641943;153645430
3;0;2728099;2731259
4;0;2782661;2785995
0;0;140335634;140340653
1;0;2627501;2629734
2;0;1848768;1850874
3;0;3933997;3936491
4;0;1788815;1791001
0;0;139182189;139187483
1;0;2812478;2814779
2;0;2134192;2136815
3;0;2162774;2165267
4;0;1647243;1649255
0;0;118870959;118875308
1;0;2620584;2622913
2;0;1745732;1747873
3;0;1638313;1640685
4;0;1430283;1432078
0;0;102593243;102598196
1;0;2243489;2245741
2;0;1675469;1677761
3;0;1508381;1510607
4;0;1421758;1423674
