0;0;535143258;535148891
1;0;244238265;244242670
2;0;74895365;74899892
3;151;9039217;398020516
4;0;107340032;107344670
5;0;50166537;50171455
6;0;27867324;27871557
7;0;136813607;136818527
8;0;50436216;50440865
9;0;49328568;49333516
10;0;30263345;30267833
11;0;43590186;43594549
12;0;43654072;43658523
13;20;35412277;131516318
14;149;3289175;354111070
15;0;98419503;98422334
16;4;41829651;311733662
17;0;63910030;63912724
18;0;50599378;50602286
19;7;18245012;88277028
20;0;856924998;856927337
21;0;36351258;36353366
22;0;105818291;105821362
23;0;47520371;47522875
24;0;39353822;39355752
25;0;81977119;81979806
26;0;32898992;32901500
27;0;31816168;31818118
28;0;52597919;52622545
29;0;50477823;50479790
30;0;883717502;883719890
31;0;27575484;27577190
32;0;280755576;280757696
33;44;64505131;669615051
34;0;45361841;45364149
35;7340;11794236;646424657
36;0;128067376;128069397
37;13;2687458;48101559
38;0;57098773;57100634
39;0;351213560;351215501
40;0;55638189;55640064
41;0;4693176545;4693179058
42;0;56029049;56031054
43;0;56765183;56766813
44;0;84764856;84766842
45;0;56679900;56681791
46;0;227316237;227318503
47;329;3103193;123819215
48;0;45648383;45650061
49;1;30505685;46110081
