0;0;690907104;690912794
1;0;161078447;161083047
2;0;93756606;93760987
3;0;109241882;109245952
4;0;260022513;260028102
5;0;223639515;223644045
6;0;66509306;66513706
7;0;199717118;199722198
8;0;406203936;406209846
9;0;46024518;46029263
10;0;196827894;196832833
11;0;185094477;185100004
12;0;80735665;80739841
13;0;194440681;194446107
14;0;180637108;180642801
15;0;57989055;57993711
16;0;88438640;88443527
17;14;19468214;3634803749
18;0;171974251;171979494
19;0;37651209;37656180
20;0;136524399;136529613
21;5576;19126019;2393605803
22;0;374889665;374893828
23;0;293991200;293994595
24;0;79136707;79139994
25;0;138993167;138997130
26;0;87959175;87962467
27;0;113848293;113851366
28;0;42584549;42587892
29;0;162720595;162724190
30;10;19599253;90065546
31;0;32431849;32434875
32;0;1531522744;1531526805
33;0;33552551;33556071
34;0;352577541;352581118
35;0;115984542;115987836
36;0;120499780;120502905
37;0;341230968;341235555
38;0;193488291;193492605
39;0;145830368;145833657
40;0;37295146;37298254
41;0;52356565;52360010
42;0;34485591;34488958
43;0;179603455;179607469
44;0;47231831;47235372
45;0;40552108;40555753
46;1548;13007200;1607470155
47;0;169603795;169605772
48;0;98778818;98780455
49;0;628709671;628712148
0;0;51217478;51219413
1;0;43415811;43417357
2;0;51132666;51134043
3;0;76719421;76721386
4;0;27710349;27711462
5;0;44959048;44960664
6;0;26510638;26511970
7;0;59461792;59463380
8;0;34799773;34801309
9;0;24615274;24616639
10;0;93896727;93898338
11;0;28731641;28732959
12;0;40835530;40837352
13;0;150809933;150811380
14;0;62478152;62479676
15;0;23472657;23473761
16;0;34624622;34626005
17;14;2167767;39413451
18;0;151656052;151658041
19;0;22774580;22775780
20;0;49454160;49456122
21;5576;1934546;312860644
22;0;33836055;33837714
23;0;48092436;48094361
24;0;56709706;56711108
25;0;25106599;25108176
26;0;28426829;28428358
27;0;74662013;74663771
28;0;41555068;41556713
29;0;74408556;74409982
30;10;2737801;38905821
31;0;28531086;28532714
32;0;270505713;270507591
33;0;25750951;25752118
34;0;120003135;120004589
35;0;57276390;57277980
36;0;57175650;57177495
37;0;46970913;46974052
38;0;47373279;47374848
39;0;48138144;48139415
40;0;31398382;31399862
41;0;38318052;38319254
42;0;29938344;29939443
43;0;67228502;67229956
44;0;27240663;27242032
45;0;34672817;34674087
46;1548;1424194;76454574
47;0;39321783;39323162
48;0;26432320;26433588
49;0;56250292;56251951
0;0;40184517;40186411
1;0;40980775;40982269
2;0;52534138;52535289
3;0;73757251;73758561
4;0;27282214;27283376
5;0;44115053;44116474
6;0;25683678;25684876
7;0;60932928;60934441
8;0;34267973;34269427
9;0;24229091;24230284
10;0;91509572;91511074
11;0;30333638;30334942
12;0;40760224;40761586
13;0;149940552;149942065
14;0;61812663;61814051
15;0;23083498;23084717
16;0;34405193;34406889
17;14;1895209;39177686
18;0;153301184;153302654
19;0;22626088;22627413
20;0;47031266;47032631
21;5576;1417022;319092418
22;0;34007554;34024742
23;0;47243025;47243549
24;0;64908693;64909342
25;0;27984805;27985297
26;0;26415540;26416029
27;0;74797173;74797874
28;0;46112805;46113595
29;0;83031675;83032221
30;10;2439947;38792709
31;0;26457972;26458445
32;0;271258167;271259089
33;0;25493659;25494161
34;0;130090209;130091119
35;0;60112675;60113150
36;0;54843080;54843669
37;0;48596318;48597029
38;0;47302912;47303498
39;0;47885997;47886673
40;0;31203823;31204299
41;0;37731457;37732015
42;0;29879749;29880309
43;0;66864870;66865416
44;0;26939918;26940453
45;0;36513859;36514332
46;1548;1338938;74204796
47;0;39229159;39229743
48;0;26368499;26369007
49;0;57733155;57733736
0;0;40086587;40087211
1;0;41045984;41046681
2;0;52578207;52578818
3;0;73712547;73713090
4;0;27260960;27261477
5;0;50106546;50128854
6;0;30537572;30538032
7;0;60974071;60974529
8;0;34172293;34172740
9;0;28664125;28664631
10;0;98798354;98798730
11;0;28361254;28361607
12;0;41891839;41892264
13;0;151734045;151734459
14;0;59910487;59910969
15;0;22973641;22973907
16;0;34536346;34536741
17;14;3721299;50025688
18;0;154553547;154553973
19;0;22415196;22415982
20;0;47581058;47581543
21;5576;1514255;309860452
22;0;33411437;33411896
23;0;47343235;47343769
24;0;57612183;57612731
25;0;24764684;24765119
26;0;25857131;25857448
27;0;75694728;75695206
28;0;41374915;41375456
29;0;76420420;76420916
30;10;2382226;38708277
31;0;26197376;26197764
32;0;272334998;272335565
33;0;25683942;25684346
34;0;121818218;121818729
35;0;57035864;57036344
36;0;56424345;56424799
37;0;46902598;46902970
38;0;53967274;53967831
39;0;54459560;54460044
40;0;31168728;31169128
41;0;37712644;37713023
42;0;29985263;29985677
43;0;68282663;68283146
44;0;26886347;26886725
45;0;34520040;34520596
46;1548;1176523;75215554
47;0;39108423;39108917
48;0;26317903;26318374
49;0;57495474;57496364
0;0;39931843;39932401
1;0;42809188;42809541
2;0;50394472;50394844
3;0;75228281;75229220
4;0;27134766;27135180
5;0;44201893;44202295
6;0;26882851;26883225
7;0;58784927;58785386
8;0;34084074;34084505
9;0;23961787;23962230
10;0;92815006;92815481
11;0;28277720;28278480
12;0;41910711;41911163
13;0;151660658;151661076
14;0;60046113;60046516
15;0;22967185;22967675
16;0;35837212;35837676
17;14;1666730;38944928
18;0;153196637;153196969
19;0;22403634;22403940
20;0;47059831;47060347
21;5576;1241174;308440441
22;0;33211644;33212228
23;0;48425680;48426374
24;0;55807028;55808186
25;0;24815916;24816246
26;0;27272229;27272563
27;0;73979727;73980212
28;0;42638589;42639027
29;0;74338821;74339391
30;10;2215577;39947296
31;0;26278905;26279315
32;0;281884495;281885126
33;0;25425087;25425513
34;0;121455160;121455739
35;0;58109955;58110515
36;0;56183230;56183712
37;0;46596101;46596548
38;0;46984246;46984888
39;0;49162655;49163130
40;0;30972041;30972547
41;0;35999881;36000234
42;0;31180720;31181054
43;0;66729129;66729647
44;0;28267383;28267891
45;0;34478616;34479066
46;1548;1157633;73590389
47;0;50511930;50512499
48;0;28744083;28744576
49;0;55919109;55919627
