0;0;789102104;789107198
1;468;8515359;255211254
2;4;130583952;283681089
3;13;2793795;135838279
4;0;56345847;56348847
5;0;53783832;53786954
6;0;478915180;478918319
7;0;170941560;170944939
8;0;136069766;136073298
9;0;569933110;569936559
10;6874;2496133;1324538011
11;33;25641932;141337753
12;0;57729562;57732454
13;0;151447472;151450303
14;0;45929491;45932173
15;0;154674372;154677595
16;0;33173292;33175650
17;2;139829640;293573185
18;0;27512034;27514495
19;0;52883824;52886341
20;0;534866980;534870217
21;0;149945444;149948429
22;0;52839155;52842218
23;11;3794929;98722112
24;9;4218565;75889626
25;0;95892874;95894599
26;0;42099311;42101101
27;0;134640848;134643145
28;0;72936353;72938562
29;0;457065370;457067780
30;0;87790632;87792315
31;0;372580901;372583636
32;0;36693683;36695961
33;0;40780894;40782661
34;0;70693053;70694935
35;0;200840894;200843085
36;564073;35406214;119955960494
37;7145;2670212;169528852
38;0;63717128;63718018
39;0;89503819;89504725
40;84;1716999;52224351
41;1;70660886;318203889
42;0;256176984;256177775
43;0;48234193;48235019
44;0;126469656;126470674
45;0;32556984;32557892
46;0;36400118;36401010
47;0;31563109;31564160
48;3831;1683696;541783619
49;2;227455206;401116585
0;0;124433579;124434436
1;468;1688966;60195173
2;4;64650130;144379788
3;13;1651053;80642389
4;0;39448710;39449736
5;0;43917838;43918671
6;0;286126169;286127110
7;0;86649743;86650489
8;0;92530929;92531992
9;0;248867263;248868162
10;6874;1512813;160314208
11;33;9082843;63477414
12;0;36913023;36913990
13;0;50658260;50659514
14;0;26129680;26130614
15;0;106066772;106067622
16;0;35052478;35053231
17;2;27901171;81511988
18;0;25884192;25885042
19;0;30628977;30629933
20;0;107256760;107257530
21;0;101550790;101551797
22;0;49396680;49397500
23;11;3144282;75419309
24;9;2832865;30600859
25;0;66227439;66228430
26;0;24822034;24823058
27;0;78589981;78590923
28;0;68256472;68257249
29;0;92387769;92388656
30;0;71739866;71740892
31;0;54926262;54927222
32;0;25314855;25315791
33;0;29981423;29982496
34;0;38337311;38338146
35;0;149111828;149112560
36;564073;1602832;42908180069
37;7145;1628128;151595927
38;0;36328256;36336026
39;0;85738952;85739799
40;84;1427269;27263844
41;1;33379427;170789019
42;0;131617299;131618038
43;0;27425422;27447140
44;0;75292679;75293312
45;0;26593156;26593894
46;0;36153216;36154016
47;0;28153693;28154206
48;3831;1383330;231217924
49;2;26022562;47903503
0;0;113130233;113130534
1;468;1382700;59711454
2;4;63135301;142768110
3;13;1541321;80754590
4;0;39051124;39051712
5;0;43212590;43213058
6;0;356624401;356625067
7;0;83216745;83217272
8;0;92392815;92393425
9;0;250090129;250090628
10;6874;1330288;145088096
11;33;8651644;61768137
12;0;36033585;36034053
13;0;51244080;51244571
14;0;26775161;26775775
15;0;106719251;106719707
16;0;27183741;27184185
17;2;28166298;82161140
18;0;25967788;25968286
19;0;30727831;30728243
20;0;108318867;108319309
21;0;113414551;113415010
22;0;35352427;35352970
23;11;2381807;71326385
24;9;2748350;30711168
25;0;66239416;66240009
26;0;24498688;24499217
27;0;79763998;79764515
28;0;66250369;66250846
29;0;92513949;92514375
30;0;71764492;71764909
31;0;54063075;54063491
32;0;24911526;24911839
33;0;29913620;29914022
34;0;38066022;38066328
35;0;143833432;143833886
36;564073;1274794;11565741755
37;7145;1276248;156925994
38;0;36505136;36505776
39;0;113620133;113620670
40;84;1477233;36957672
41;1;45342421;288618157
42;0;135364407;135364988
43;0;27572031;27572440
44;0;76457332;76457957
45;0;26200176;26200736
46;0;35910234;35910608
47;0;26932058;26932607
48;3831;1237824;234239141
49;2;25997477;48008126
0;0;114164555;114165004
1;468;1234800;59914024
2;4;63210594;143379247
3;13;1327817;81308375
4;0;39259139;39259489
5;0;38397186;38397546
6;0;284806945;284807369
7;0;82597307;82597766
8;0;92364126;92390101
9;0;250729998;250731678
10;6874;1458598;145189133
11;33;8424431;61308550
12;0;35918940;35919230
13;0;50279045;50279341
14;0;25708914;25709222
15;0;418799320;418799678
16;0;26956788;26957016
17;2;27849355;81926963
18;0;25785009;25785286
19;0;30461447;30461652
20;0;107307552;107307817
21;0;101244119;101244507
22;0;35177978;35178367
23;11;2334424;71632350
24;9;2488625;30504351
25;0;66362814;66363145
26;0;24505107;24505318
27;0;78404406;78404700
28;0;63610666;63610920
29;0;92543904;92544455
30;0;71265201;71265458
31;0;54431809;54432092
32;0;25199602;25199943
33;0;29556568;29556822
34;0;38550377;38550575
35;0;143661573;143661848
36;564073;1202358;11660349179
37;7145;1274502;151645368
38;0;36061334;36061778
39;0;85370043;85370443
40;84;1240768;27002569
41;1;33369342;141582994
42;0;132867456;132867761
43;0;27157315;27157595
44;0;74900050;74900398
45;0;25985560;25985823
46;0;35887609;35887835
47;0;27043616;27043879
48;3831;1068259;230248052
49;2;25700526;47480468
0;0;113232549;113232801
1;468;1137408;59671563
2;4;62932641;142775886
3;13;1176431;80420286
4;0;39042510;39042785
5;0;38294456;38294680
6;0;284952047;284952374
7;0;82548484;82549042
8;0;92104520;92104781
9;0;324267783;324268143
10;6874;1156285;145816919
11;33;8452778;61527172
12;0;35954507;35954952
13;0;50312513;50313031
14;0;25883764;25884080
15;0;105368996;105369271
16;0;26715283;26715570
17;2;27496586;81290149
18;0;25553714;25554093
19;0;30085517;30085886
20;0;106821013;106821425
21;0;101229158;101229518
22;0;34760970;34761387
23;11;2425262;71318143
24;9;2670797;30560210
25;0;66375183;66375574
26;0;24086689;24086925
27;0;78197589;78197984
28;0;63874128;63874586
29;0;92110951;92111290
30;0;70969059;70969558
31;0;53800982;53801276
32;0;24980168;24980512
33;0;29351473;29351724
34;0;37681646;37682013
35;0;142794850;142795137
36;564073;1032476;11497771652
37;7145;1102817;152327663
38;0;35952919;35953253
39;0;85077057;85077382
40;84;1098344;26883074
41;1;33031933;141248500
42;0;131951338;131951686
43;0;27029941;27030294
44;0;75204866;75205285
45;0;25915587;25915850
46;0;35892131;35892403
47;0;26963978;26964338
48;3831;1116144;231453765
49;2;25622497;47477341
