0;0;359918494;359923183
1;0;42330389;42334799
2;0;32976997;32981369
3;0;59252231;59256932
4;0;45770806;45775150
5;0;53469090;53473990
6;0;24055487;24060800
7;0;23628812;23633398
8;0;23876516;23881262
9;0;14664328;14668274
10;0;20642335;20646869
11;0;27681851;27685993
12;0;13690458;13693884
13;0;12974671;12978080
14;0;12985883;12988645
15;0;13124408;13127377
16;0;14274039;14277206
17;0;14719136;14722383
18;0;13990936;13994779
19;0;19779831;19783657
20;0;19382873;19386421
21;0;12272305;12276926
22;0;11429004;11432780
23;0;15923802;15927720
24;0;14740663;14744289
25;0;14467860;14471789
26;0;133256107;133261375
27;0;16508812;16511262
28;0;10386338;10388708
29;0;30532698;30536159
30;0;10184027;10186350
31;0;11824277;11826686
32;0;56725515;56729802
33;0;6859048;6861439
34;0;13408637;13411032
35;0;21789262;21792281
36;0;12553788;12556223
37;0;9609209;9611639
38;0;51967086;51970963
39;0;12034713;12037786
40;0;13044648;13047700
41;0;17020882;17023759
42;0;10510135;10513074
43;0;9932051;9934616
44;0;7085020;7087469
45;0;13566657;13571076
46;0;18499932;18502892
47;0;9748927;9751308
48;0;11159229;11161793
49;0;9736188;9738586
