0;0;413449356;413453563
1;0;58736802;58741106
2;0;573079117;573083863
3;0;3040985;3043439
4;0;730709432;730713629
0;0;2591647;2593981
1;0;2746768;2749088
2;0;95934065;95938573
3;0;1788025;1790112
4;0;216285221;216290743
0;0;4947241;4949231
1;0;1714018;1716041
2;0;80192078;80196375
3;0;1633349;1635344
4;0;194153952;194158199
0;0;1662750;1664722
1;0;1696246;1698272
2;0;67471527;67475560
3;0;1759046;1760938
4;0;257721292;257726440
0;0;1628728;1630601
1;0;1587328;1589321
2;0;66666804;66671063
3;0;1463403;1465370
4;0;195147145;195151407
