0;19;288650577;752494141
1;0;122516263;122521025
2;0;100619981;100624371
3;0;50895618;50900731
4;1191;2139903;84495015
5;107;2040305;45343568
6;0;437057889;437061082
7;0;49489549;49492034
8;356;15645389;55344753
9;0;359081290;359083848
10;0;378908849;378911499
11;0;41408960;41418447
12;0;83670335;83672830
13;0;71282487;71284697
14;444;17421193;1268203606
15;0;71664586;71666748
16;0;291575037;291577501
17;0;306447845;306450080
18;0;84222299;84224708
19;114;13773054;40387378
20;0;940282426;940315372
21;413;14070184;125366157879
22;0;106028324;106030811
23;6;13887308;99140293
24;2;7841323;45973684
25;0;28930073;28931906
26;0;56599373;56601486
27;21580;1967239;1037439968
28;0;479394117;479396249
29;1;208170196;411517817
30;4972;1695140;397354105
31;11;16319096;694236239
32;0;572147814;572149647
33;0;89470551;89472462
34;0;1672540318;1672542350
35;0;309467824;309469953
36;63;9471812;53649269
37;9761;7260615;165092446
38;0;53798661;53800214
39;22164;1637205;394102274
40;162;7412066;33903471
41;0;221111236;221112928
42;0;189089499;189091532
43;0;71243194;71244904
44;0;77522446;77524102
45;0;43415079;43416599
46;4;83435044;1557403474
47;0;70358835;70360864
48;0;42976273;42977934
49;0;123088733;123090921
