0;0;10999977292;10999983408
1;0;6184147363;6184153036
2;0;85877759;85881422
3;0;46121551;46125021
4;0;24380540;24384153
0;0;30878669;30882330
1;0;121760181;121764878
2;0;2172695;2183589
3;0;1392348;1394160
4;0;1667991;1670264
0;0;23911276;23914782
1;0;103876864;103881752
2;0;2053599;2055872
3;0;1401409;1403338
4;0;1490122;1492235
0;0;24185491;24188655
1;0;118104838;118109789
2;0;1987753;1989899
3;0;1342574;1344334
4;0;1285675;1287748
0;0;21586091;21588648
1;0;101333550;101338011
2;0;1953323;1955401
3;0;1251303;1253333
4;0;1194684;1196752
