0;0;419745729;419751461
1;0;111601132;111605809
2;0;29612840;29617915
3;0;24974441;24979264
4;0;17611297;17615989
5;0;35343626;35348923
6;0;20391343;20395258
7;0;34240283;34244760
8;0;55955718;55960231
9;0;11746880;11750142
10;0;13528322;13531665
11;0;10531265;10534291
12;0;7416212;7418890
13;0;8366976;8369595
14;0;10397731;10400519
15;0;11155928;11158867
16;0;7814201;7816808
17;0;11152518;11155206
18;0;7939497;7942281
19;0;5863801;5866827
20;0;5850455;5852912
21;0;9113903;9116637
22;0;15609921;15615192
23;0;8728932;8732408
24;0;6150832;6153748
25;0;5757603;5760410
26;0;5346998;5349648
27;0;7397512;7399973
28;0;12928539;12932958
29;0;9392378;9395399
30;0;6045084;6047596
31;0;10249307;10251810
32;0;50411734;50416576
33;0;9582028;9584581
34;0;62964620;62969726
35;0;7660987;7663620
36;0;8468080;8470689
37;0;7269261;7271856
38;0;48895681;48900900
39;0;26540270;26544190
40;0;6696413;6704276
41;0;10614061;10616564
42;0;6354755;6357230
43;0;9977391;9979914
44;0;5619805;5622360
45;0;6542306;6544779
46;0;5184137;5186697
47;0;5320104;5322671
48;0;16621484;16625454
49;0;7657061;7660767
