0;0;779921978;779927519
1;468;9032422;318716407
2;4;145105778;278729487
3;13;2881868;132458776
4;0;56115700;56117281
5;0;54018125;54019889
6;0;345996771;345998910
7;0;111315206;111317143
8;0;133739716;133741744
9;0;312949977;312952761
10;6874;2606790;1339622950
11;33;15035657;89168227
12;0;52087559;52091129
13;0;134789974;134793262
14;0;43861994;43864632
15;0;153535123;153538453
16;0;36542949;36545490
17;2;35038544;171711941
18;0;27782739;27785019
19;0;34396153;34398755
20;0;170228484;170231281
21;0;150201200;150204546
22;0;53254881;53257768
23;11;3884889;137667258
24;9;4371629;47868914
25;0;97210442;97213317
26;0;43252701;43255719
27;0;103567744;103570704
28;0;73648194;73651055
29;0;355812787;355816018
30;0;86795339;86798054
31;0;61660560;61663174
32;0;29242004;29245204
33;0;41199118;41201918
34;0;52614857;52618415
35;0;165145502;165149258
36;564073;22772592;178032566646
37;7145;2779769;11089565755
38;0;47501984;47502724
39;0;118621703;118622406
40;84;1705843;78825555
41;1;87268807;414700987
42;0;360311942;360312874
43;0;33414009;33414665
44;0;211182317;211183007
45;0;31129951;31130669
46;0;36810847;36811670
47;0;31932562;31933385
48;3831;1707279;955122280
49;2;210670408;720768485
