0;0;4067470299;4067476412
1;0;361707116;361711790
2;0;5432785699;5432791336
3;0;53276555;53279784
4;0;1192198650;1192202354
0;0;22388435;22391952
1;0;9190522;9193402
2;0;57011288;57016383
3;0;3598869;3601811
4;0;5648724;5651799
0;0;14594524;14597496
1;0;6549290;6551850
2;0;22549326;22553707
3;0;2823854;2826221
4;0;4406574;4408859
0;0;11872115;11875280
1;0;5847662;5850125
2;0;21667374;21671939
3;0;2798635;2800911
4;0;4307636;4309690
0;0;11566302;11568987
1;0;5505597;5507812
2;0;20904636;20908737
3;0;2510952;2513296
4;0;4108334;4110390
