0;0;362394194;362398573
1;0;50806133;50810992
2;0;42606734;42611887
3;0;34978720;34983160
4;0;184955612;184960092
5;0;80697153;80701701
6;0;14198883;14202241
7;0;25215947;25219707
8;0;25241640;25245614
9;0;15233791;15237697
10;0;15410088;15414128
11;0;26984035;26988718
12;0;12760976;12764515
13;0;14114292;14117929
14;0;11500291;11502835
15;0;11761116;11764040
16;0;13305956;13309935
17;0;12669273;12672842
18;0;33284391;33288377
19;0;35777126;35781806
20;0;20436269;20440486
21;0;12077634;12080074
22;0;7450829;7453191
23;0;78828093;78831622
24;0;18973147;18976030
25;0;33435997;33439493
26;0;19583949;19587587
27;0;12394040;12396536
28;0;10658511;10660922
29;0;18629987;18632747
30;0;6664132;6666603
31;0;11644543;11647049
32;0;18167306;18170092
33;0;9681970;9684405
34;0;31755955;31759854
35;0;9566330;9568803
36;0;12637738;12640197
37;0;19854491;19857886
38;0;19330325;19333963
39;0;33523669;33527834
40;0;8874615;8877152
41;0;16652690;16656627
42;0;10894288;10897325
43;0;10747334;10749868
44;0;21125752;21128446
45;0;18525343;18528187
46;0;19762267;19765590
47;0;8312985;8315743
48;0;7476805;7479374
49;0;10435524;10438310
