0;0;677849085;677854330
1;0;90569657;90574325
2;0;56339155;56343324
3;0;1113210651;1113216163
4;0;33077306;33081806
5;0;25505313;25509440
6;0;221932258;221936771
7;0;287490216;287494760
8;0;76574199;76579409
9;0;63352511;63357384
10;0;22646066;22649165
11;0;40325489;40330087
12;0;48461330;48465688
13;0;233578664;233583045
14;0;34400443;34404499
15;0;28873480;28877209
16;0;37869722;37873305
17;0;75023129;75027002
18;0;43159221;43163308
19;0;36322045;36326631
20;0;34881611;34886435
21;0;35666659;35670351
22;0;39802912;39807053
23;0;36200172;36204431
24;0;127599787;127604698
25;0;1155936399;1155941608
26;0;69177543;69181639
27;0;34696517;34700440
28;0;196187858;196192171
29;0;43414498;43418119
30;0;76180920;76185233
31;0;30782118;30786050
32;0;33883908;33888075
33;0;1781698496;1781703906
34;0;68793142;68797481
35;0;26849561;26854168
36;0;29383723;29387352
37;0;30772849;30777425
38;0;33186469;33190245
39;0;46003894;46007756
40;0;36970371;36974804
41;0;27722927;27726772
42;0;21197945;21200757
43;0;23708820;23712521
44;0;46825788;46829609
45;0;30656435;30660416
46;0;197230958;197236061
47;0;28307133;28310126
48;0;44997777;45002721
49;0;53330333;53334495
0;0;64027835;64032571
1;0;27187752;27191516
2;0;25389762;25393812
3;0;223695297;223698989
4;0;21708090;21711071
5;0;22130929;22133981
6;0;148037353;148047572
7;0;197076014;197080534
8;0;44480110;44484354
9;0;37269066;37273445
10;0;21251195;21254080
11;0;38961435;38965825
12;0;37511587;37515693
13;0;195495875;195506877
14;0;29854972;29858800
15;0;21960696;21963661
16;0;24745584;24748220
17;0;50866181;50870463
18;0;27423162;27427668
19;0;21386473;21389005
20;0;36064355;36068741
21;0;22218816;22221656
22;0;38720384;38724786
23;0;29517560;29521538
24;0;34087283;34091497
25;0;440728715;440732802
26;0;63602675;63607348
27;0;29450176;29454178
28;0;148891348;148896595
29;0;24774340;24777897
30;0;38901752;38906239
31;0;22129600;22132847
32;0;23767858;23772265
33;0;289607662;289612408
34;0;54499937;54504139
35;0;26659100;26662845
36;0;29338465;29342526
37;0;28843261;28847504
38;0;30603289;30607240
39;0;29311487;29315597
40;0;36720382;36724820
41;0;26348797;26351827
42;0;20890185;20892535
43;0;23588601;23591956
44;0;44307333;44311943
45;0;29975447;29978589
46;0;38904512;38909103
47;0;20903312;20905613
48;0;26576200;26580225
49;0;49893363;49898175
0;0;63860631;63864965
1;0;27066794;27070841
2;0;25250096;25253861
3;0;224536655;224540902
4;0;21509173;21511747
5;0;22012766;22016378
6;0;148138806;148142597
7;0;198525366;198530154
8;0;43990648;43994963
9;0;37090651;37094957
10;0;20867622;20869883
11;0;38668812;38672714
12;0;36861164;36865599
13;0;196352224;196356459
14;0;29638792;29642719
15;0;21883152;21886244
16;0;24712537;24716158
17;0;50935483;50940146
18;0;27413242;27417729
19;0;21248645;21251322
20;0;33015717;33019915
21;0;21935196;21938686
22;0;38600024;38604323
23;0;29203930;29207949
24;0;34041280;34046042
25;0;443994203;443998754
26;0;61995873;62000485
27;0;29944153;29951746
28;0;149452449;149457099
29;0;24550089;24553235
30;0;38532773;38536737
31;0;21815227;21818648
32;0;23515022;23518610
33;0;285693670;285697666
34;0;57028787;57033074
35;0;26087519;26090926
36;0;28992050;28995674
37;0;28778558;28782551
38;0;30459445;30463216
39;0;28995636;28999532
40;0;36545415;36549323
41;0;26157832;26161813
42;0;20761766;20764119
43;0;23587801;23591464
44;0;44308110;44312545
45;0;29731214;29734426
46;0;38743225;38747128
47;0;20784770;20786888
48;0;26434211;26437498
49;0;50995387;50999923
0;0;61994335;61998269
1;0;26748530;26752071
2;0;25021987;25025117
3;0;224048972;224052605
4;0;21391148;21393739
5;0;21716716;21719601
6;0;151618320;151622464
7;0;194693269;194697269
8;0;43923192;43926982
9;0;37107249;37111392
10;0;22224311;22227711
11;0;38526791;38530099
12;0;36619973;36623919
13;0;194602553;194606883
14;0;29527372;29531487
15;0;21700724;21703997
16;0;24473929;24476769
17;0;52999864;53003916
18;0;27132416;27136072
19;0;21367732;21369852
20;0;33281368;33284940
21;0;21974124;21977021
22;0;38490097;38494807
23;0;29066013;29070210
24;0;33925165;33928838
25;0;453194142;453198558
26;0;61708313;61712704
27;0;29063265;29067048
28;0;150846759;150851133
29;0;24629187;24633281
30;0;38653646;38657921
31;0;21897770;21900737
32;0;23442711;23446513
33;0;288015311;288019078
34;0;54306003;54310421
35;0;26057354;26061105
36;0;28994072;28998232
37;0;28674774;28678343
38;0;30624272;30628333
39;0;29023032;29026693
40;0;39006596;39010481
41;0;26333689;26343692
42;0;20775404;20787394
43;0;23388743;23390882
44;0;44186924;44189583
45;0;29592671;29595049
46;0;38722368;38724864
47;0;20834206;20835662
48;0;26371211;26373263
49;0;49415653;49418293
0;0;69181583;69185332
1;0;30116767;30119257
2;0;25292883;25295323
3;0;224309238;224312113
4;0;21375038;21377017
5;0;21727180;21729022
6;0;150373830;150376623
7;0;196411742;196414370
8;0;44014386;44016678
9;0;36886436;36889265
10;0;20620971;20622585
11;0;38347210;38349829
12;0;36810604;36813020
13;0;211529464;211532511
14;0;29509153;29512047
15;0;21496104;21498175
16;0;24315274;24317272
17;0;50307836;50310342
18;0;27166637;27168868
19;0;21066117;21067439
20;0;34093820;34096929
21;0;21715335;21717497
22;0;38339478;38342108
23;0;28964288;28966584
24;0;33795016;33797353
25;0;443530011;443533317
26;0;62924591;62927222
27;0;28993627;28996215
28;0;148403362;148406169
29;0;24487470;24489473
30;0;40247263;40250362
31;0;21787829;21789982
32;0;23485237;23487666
33;0;288542267;288545728
34;0;53895388;53897731
35;0;26051307;26053352
36;0;28865443;28868121
37;0;28578912;28581390
38;0;30415314;30417470
39;0;30596719;30599289
40;0;36462163;36465120
41;0;26068075;26069962
42;0;20525130;20526749
43;0;23476000;23478005
44;0;44160169;44163159
45;0;29648720;29650732
46;0;38569721;38572396
47;0;22057040;22058532
48;0;26323545;26325823
49;0;49278592;49281389
