0;0;444073159;444079846
1;0;380368324;380374296
2;0;338766917;338772528
3;0;151249149;151255015
4;0;42841921;42846657
5;0;31165633;31169490
6;0;20643102;20646532
7;0;43020556;43025405
8;0;29368222;29372076
9;0;48050322;48054668
10;0;266939267;266944763
11;0;43192178;43196446
12;0;42807396;42812172
13;0;20377953;20381449
14;0;31788501;31792878
15;0;25683779;25687659
16;0;21019080;21022077
17;0;22374814;22377977
18;0;72584653;72590321
19;0;86029733;86034672
20;0;32909198;32913242
21;0;24130646;24134023
22;0;53208728;53212931
23;0;35178308;35182586
24;0;37178357;37182444
25;0;23442955;23446638
26;0;25316346;25319675
27;0;21913222;21916123
28;0;136168867;136174734
29;0;46457390;46461056
30;0;45684757;45687927
31;0;36789994;36794084
32;0;60202313;60206590
33;0;32740790;32744355
34;0;98694586;98699447
35;0;49273624;49278243
36;0;69959472;69964087
37;0;39860114;39864636
38;0;22391485;22394577
39;0;132250983;132255207
40;0;53903882;53908456
41;0;20443412;20445836
42;0;22308181;22311214
43;0;136704186;136708956
44;0;24230598;24233769
45;0;51309622;51313920
46;0;23622325;23625414
47;0;32871332;32875285
48;0;91257126;91261813
49;0;183797281;183801639
0;0;29211916;29214916
1;0;129593140;129597611
2;0;232402677;232406847
3;0;164335180;164339810
4;0;57449466;57453934
5;0;41191411;41195566
6;0;28063726;28066041
7;0;60192764;60196813
8;0;40957079;40961044
9;0;56094490;56098928
10;0;295981463;295985781
11;0;45167622;45171970
12;0;61110727;61114779
13;0;28720126;28729458
14;0;44896351;44900271
15;0;36175730;36178558
16;0;28839455;28842794
17;0;22050832;22053307
18;0;66062110;66066781
19;0;88047227;88051199
20;0;32728682;32732599
21;0;24292153;24294750
22;0;27023097;27026118
23;0;35454316;35458396
24;0;37783683;37787537
25;0;23235261;23238254
26;0;21116006;21118799
27;0;21212863;21215635
28;0;89370226;89374506
29;0;31973749;31977527
30;0;21702010;21704942
31;0;25614706;25617638
32;0;31692640;31696823
33;0;23019849;23022707
34;0;55133962;55138407
35;0;33843362;33847239
36;0;58905601;58910384
37;0;39927749;39931707
38;0;22112253;22114961
39;0;134365661;134369838
40;0;54362715;54366936
41;0;20191017;20193261
42;0;21588198;21590429
43;0;122085093;122089297
44;0;24286769;24289776
45;0;53581568;53585872
46;0;23410894;23413536
47;0;32451615;32454839
48;0;76769452;76774064
49;0;180523025;180527717
0;0;29311949;29314937
1;0;130370055;130374389
2;0;231852653;231856868
3;0;131557145;131561479
4;0;39693779;39698349
5;0;28581091;28584727
6;0;19284562;19287042
7;0;41806619;41811089
8;0;28229740;28237018
9;0;38401348;38405275
10;0;221359754;221364342
11;0;31411013;31414830
12;0;42342030;42346581
13;0;19540109;19542511
14;0;31191937;31194864
15;0;25334630;25337565
16;0;20319311;20322198
17;0;22068023;22070534
18;0;66408992;66413041
19;0;87130917;87135221
20;0;33086553;33090648
21;0;23755048;23757782
22;0;27245606;27249251
23;0;35067496;35071357
24;0;37348063;37351969
25;0;23259198;23261949
26;0;20925098;20927592
27;0;21764698;21770710
28;0;89580087;89584631
29;0;31779574;31783219
30;0;21712607;21715158
31;0;25410461;25413425
32;0;31514168;31517742
33;0;22799749;22802575
34;0;55465388;55470111
35;0;34186063;34189758
36;0;58570144;58574572
37;0;39526596;39530144
38;0;21901387;21903796
39;0;136819586;136824577
40;0;54251199;54254934
41;0;19947522;19949487
42;0;21407228;21409793
43;0;122045232;122049152
44;0;23953186;23956099
45;0;51628439;51633051
46;0;23447998;23450741
47;0;31966654;31969464
48;0;76500913;76505283
49;0;181664465;181668842
0;0;28870470;28873788
1;0;131074958;131078946
2;0;230420333;230424999
3;0;132765510;132770086
4;0;39620928;39625119
5;0;28240514;28244269
6;0;19250019;19252365
7;0;42019360;42023760
8;0;28149829;28152702
9;0;38547643;38551455
10;0;204025027;204029500
11;0;30942960;30946282
12;0;42249804;42254282
13;0;19376697;19379264
14;0;30749830;30753844
15;0;24923982;24927262
16;0;20059240;20061377
17;0;22028888;22031152
18;0;66113202;66117544
19;0;88443478;88447774
20;0;33350568;33354480
21;0;23598819;23601483
22;0;26785958;26788610
23;0;34799936;34803646
24;0;37052293;37060482
25;0;22931394;22933643
26;0;23750878;23754142
27;0;21281299;21283494
28;0;88945003;88949453
29;0;32027139;32030955
30;0;21575182;21577749
31;0;25414492;25418268
32;0;31696797;31700021
33;0;22677029;22679349
34;0;54990094;54994150
35;0;33643269;33646808
36;0;58695271;58699584
37;0;39965041;39969218
38;0;21807331;21809994
39;0;133714218;133718453
40;0;54073439;54077912
41;0;20176049;20184694
42;0;21618384;21631593
43;0;121810189;121812469
44;0;23804772;23806288
45;0;50896456;50899148
46;0;22955077;22956651
47;0;32437606;32439679
48;0;77803329;77806065
49;0;180319694;180322680
0;0;28768988;28771028
1;0;130576023;130578465
2;0;230339118;230342090
3;0;130518135;130520818
4;0;39568911;39570801
5;0;28138455;28140170
6;0;18967305;18968625
7;0;41380651;41383371
8;0;27982512;27984324
9;0;38635944;38638323
10;0;207436153;207438746
11;0;31502528;31504672
12;0;42048763;42051914
13;0;19840736;19842540
14;0;30988151;30989996
15;0;25063830;25065413
16;0;19874976;19876475
17;0;21858961;21860575
18;0;66902740;66905126
19;0;86669589;86672599
20;0;32744919;32746835
21;0;23590002;23591541
22;0;26780548;26782398
23;0;34877574;34879586
24;0;36759547;36761622
25;0;22707808;22709568
26;0;20642257;20643791
27;0;20942755;20944541
28;0;89756765;89759330
29;0;31813691;31815886
30;0;21470650;21471747
31;0;28324557;28327490
32;0;39525073;39527564
33;0;23671337;23673038
34;0;55213231;55215699
35;0;33904896;33907268
36;0;58244987;58247726
37;0;39554222;39556647
38;0;21624801;21626373
39;0;132788921;132791467
40;0;54161748;54164536
41;0;20029096;20030675
42;0;21580153;21581871
43;0;122111395;122114098
44;0;23442797;23444294
45;0;51430773;51433509
46;0;22968180;22969455
47;0;32278121;32280326
48;0;76299639;76302364
49;0;185432215;185435123
