0;0;3117641461;3117646320
1;0;5703926;5706533
2;0;22172268;22174786
3;0;31044533;31047895
4;0;31638547;31642404
0;0;2041793600;2041799009
1;0;2884415;2886954
2;0;7528708;7531868
3;0;14230459;14233199
4;0;10645316;10648033
0;0;1728005072;1728010133
1;0;2202065;2204201
2;0;3942545;3944980
3;0;7430316;7432622
4;0;8244935;8247111
0;0;2003699225;2003703870
1;0;1973348;1975473
2;0;3764488;3766853
3;0;7234089;7236278
4;0;8142998;8145497
0;0;1733324044;1733329189
1;0;2142794;2145130
2;0;4151897;4154190
3;0;7471186;7473724
4;0;8101782;8103966
