0;0;486884924;486890018
1;0;23927860;23932278
2;463;19060508;178034586
3;0;23712252;23714494
4;0;23172124;23174277
5;0;17679220;17682237
6;945;2829832;231782514
7;0;13907784;13908946
8;9;3166102;123276480
9;6;6268209;322218016
10;0;10390990;10392067
11;0;34641643;34643394
12;0;8592586;8593525
13;0;22563080;22564737
14;0;324966183;324968226
15;0;16291992;16293039
16;0;17536898;17538001
17;0;8899540;8900422
18;0;34311401;34312954
19;0;17874534;17875818
20;0;10715154;10716241
21;0;8213494;8214480
22;0;17333500;17334641
23;0;26901044;26902312
24;0;20563497;20564860
25;0;45073224;45074602
26;0;12218135;12219062
27;0;14496944;14498003
28;0;8026234;8027114
29;22;2142106;42857389
30;0;29774781;29776233
31;0;13280164;13281185
32;0;17841256;17842359
33;0;9012860;9013870
34;0;158500920;158502529
35;0;28581875;28583054
36;0;28829297;28830946
37;0;17979934;17981176
38;0;8582297;8583210
39;0;7483614;7484689
40;3;4033847;22802180
41;0;10057624;10058673
42;1815;1945598;1932543419
43;1;6802036;20645580
44;7;3212473;10458378
45;0;1233298797;1233300724
46;0;9967363;9968412
47;0;5864505;5865423
48;0;323653431;323655673
49;0;15691538;15692724
