0;214;246886446;481545077
1;0;29408001;29410841
2;0;31052596;31055276
3;0;47246346;47248873
4;0;90182648;90185667
5;0;12415969;12418470
6;0;15726477;15728748
7;16;6483593;20972679
8;0;13911205;13913812
9;0;18035529;18038049
10;0;16670444;16673589
11;0;22501143;22503816
12;3;14883343;37977163
13;0;15928134;15930118
14;0;19069738;19071686
15;0;11057528;11058905
16;0;43565479;43566818
17;0;35856795;35858965
18;0;21220539;21222438
19;0;327182526;327184591
20;0;16221725;16222876
21;0;9967613;9968662
22;0;6988531;6989616
23;0;49318753;49320289
24;31;1742644;12071568
25;0;7569718;7570946
26;0;14213881;14214942
27;0;8241245;8242280
28;0;108998175;109000401
29;4;6275024;68208666
30;0;7090994;7092013
31;0;11695391;11696509
32;0;12097314;12098328
33;0;37166632;37168013
34;0;5629260;5630241
35;0;7224481;7225524
36;0;70342780;70344225
37;126;1789785;9653828
38;0;22871072;22872159
39;0;10147125;10148116
40;0;10332566;10333486
41;242;1499544;18043094
42;0;27719830;27721162
43;0;10110750;10111648
44;48;1486212;20476522
45;2163;1411737;53811389
46;1;34803465;62301737
47;0;87581159;87583323
48;0;18505744;18506833
49;0;11665207;11666301
