0;0;442483519;442488350
1;0;465255922;465260541
2;0;218449004;218454653
3;0;61212207;61216723
4;0;60626990;60637592
5;0;85620134;85624830
6;0;22358010;22361629
7;0;24391324;24394922
8;0;83187346;83192099
9;0;175156199;175161190
10;0;50621079;50626557
11;0;48561913;48566697
12;0;111322570;111327655
13;0;38247659;38252033
14;0;44595633;44600497
15;0;424683217;424688683
16;0;38435829;38439302
17;0;48448312;48452806
18;0;86699665;86703790
19;0;178305429;178310147
20;0;45942094;45946352
21;0;23461038;23465591
22;0;74824757;74829030
23;0;165640322;165646089
24;0;37577469;37581386
25;0;82131919;82136846
26;0;41029837;41034037
27;0;29730889;29735906
28;0;46388981;46394009
29;0;109888538;109894138
30;0;27958470;27962216
31;0;43129410;43133820
32;0;26885616;26889425
33;0;23485917;23489272
34;0;123620085;123624803
35;0;44868417;44872487
36;0;33570501;33574357
37;0;30260737;30263774
38;0;50607154;50611312
39;0;30376917;30380395
40;0;25080344;25083709
41;0;61737326;61742449
42;0;52838496;52843580
43;0;84469131;84474258
44;0;78308330;78313259
45;0;287584046;287589466
46;0;369527446;369532956
47;0;27897944;27901691
48;0;26690328;26693949
49;0;63074417;63079845
