0;0;481471131;481476416
1;0;334486214;334490424
2;0;98012489;98017494
3;0;34736499;34740777
4;0;78286354;78291361
5;0;61370545;61374976
6;0;47939325;47943864
7;0;66718541;66723392
8;0;55290021;55294725
9;0;65162334;65167249
10;0;115258735;115263742
11;0;27598197;27602124
12;0;54361483;54366092
13;0;35348641;35353018
14;0;51521999;51527397
15;0;44742769;44747668
16;0;39263297;39267949
17;0;30258306;30262708
18;0;170679565;170684064
19;0;58113489;58117820
20;0;41846061;41850289
21;0;30900024;30903942
22;0;154248865;154253813
23;0;50128829;50133196
24;0;90634633;90639702
25;0;49093142;49098185
26;0;54489030;54493524
27;0;31824806;31829003
28;0;43093348;43098162
29;0;32244762;32249865
30;0;36771607;36776917
31;0;46151625;46156945
32;0;28238141;28242701
33;0;171468322;171473976
34;0;31871472;31875860
35;0;65289026;65294384
36;0;135034872;135041346
37;0;64282434;64288041
38;0;252322795;252328270
39;0;63873087;63878583
40;0;45440885;45445831
41;0;61884850;61889994
42;0;40168530;40173405
43;0;196079923;196086039
44;0;79362549;79367126
45;0;111654928;111659815
46;0;73224974;73230734
47;0;58003552;58008375
48;0;83966075;83971419
49;0;27128781;27133313
