0;28;276183573;2311187679
1;0;1566022671;1566027226
2;11;7409460;100424604
3;0;39019800;39024195
4;14262;9308256;673124350
5;3109;13789971;2712366643
6;0;117919817;117921925
7;70;37250450;171971248
8;0;3435734210;3435736198
9;0;330692404;330694253
10;8;10059375;255293081
11;61;28830282;885088375
12;3426;13242576;1690485132
13;0;71090757;71092500
14;0;319981870;319983898
15;70;7259514;76847534
16;0;61773877;61775430
17;6423;6992556;3071281202
18;0;152197538;152199945
19;158;3797838;111782044
20;0;297516102;297517624
21;35842;3175569;5469592288
22;0;62810934;62831584
23;0;29055350;29056230
24;0;144678925;144679787
25;0;47659865;47660564
26;0;49996784;49997627
27;0;378775280;378776136
28;0;52793254;52794062
29;0;58887192;58887984
30;0;63336460;63337196
31;0;46706041;46706843
32;0;36450688;36451385
33;3;14293761;43323525
34;0;302360045;302360795
35;13;7086215;35351213
36;0;33400453;33401201
37;0;120269152;120269964
38;330;2537695;512011082
39;166;3601146;255301241
40;0;261061463;261062255
41;6599;2699599;3106466059
42;0;2044091608;2044092748
43;1017;3335035;610575958
44;10;3160385;46084713
45;0;156078224;156079186
46;11;16062375;39507881
47;689252;29235086;87892639322
48;0;47792292;47800970
49;520;2372965;161863961
