0;0;4416619262;4416624525
1;0;2084414737;2084419135
2;0;35307040;35310280
3;0;11068829;11071573
4;0;345732914;345738055
0;0;2439884542;2439890153
1;0;1770172911;1770177848
2;0;18812657;18815640
3;0;5312917;5315315
4;0;334228620;334233514
0;0;2318404182;2318409025
1;0;1915943162;1915947630
2;0;15150783;15153081
3;0;4860850;4863083
4;0;337628297;337633038
0;0;2209918221;2209922819
1;0;1739020891;1739025755
2;0;14841205;14843775
3;0;5032397;5034660
4;0;338227712;338232634
0;0;2489598074;2489603060
1;0;1980418384;1980422751
2;0;14721259;14723776
3;0;4709687;4711701
4;0;337567446;337571911
