0;0;472221354;472226272
1;0;159412769;159418173
2;0;93743987;93748858
3;0;423692158;423697787
4;0;136418141;136423827
5;0;35241200;35245386
6;0;82513026;82518341
7;0;72271834;72276745
8;0;25826406;25830735
9;0;86328242;86333194
10;0;43586159;43590980
11;0;48617637;48622415
12;0;61521113;61526325
13;0;390616264;390622534
14;0;31385791;31390487
15;0;43913565;43918453
16;0;32487112;32491058
17;0;41617970;41622217
18;0;138612513;138618804
19;0;39815374;39819932
20;0;56832143;56836677
21;0;47239740;47243975
22;0;41637055;41641481
23;0;102162890;102167615
24;0;34813037;34817522
25;0;31413799;31418658
26;0;45353625;45358576
27;0;34019581;34023772
28;0;69682482;69686717
29;0;214754810;214759474
30;0;139461131;139466834
31;0;60263969;60268994
32;0;58609603;58614078
33;0;27030258;27034190
34;0;37396238;37400360
35;0;78187036;78191994
36;0;369238555;369244009
37;0;78220409;78225251
38;0;31534962;31538993
39;0;294261870;294267689
40;0;43850409;43855084
41;0;74218015;74222476
42;0;111829943;111835125
43;294;34340876;962660200
44;0;92780385;92782202
45;0;37200148;37201553
46;0;94316252;94318203
47;0;64005632;64007656
48;0;31123890;31125368
49;0;81287556;81289568
