0;0;439251471;439256213
1;0;391592067;391596949
2;0;341165145;341170203
3;0;178980878;178985372
4;0;46432761;46437540
5;0;41728289;41732663
6;0;20855116;20857880
7;0;43600937;43604777
8;0;29604446;29608250
9;0;46375931;46380070
10;0;330803699;330808546
11;0;32191453;32195157
12;0;51535074;51540110
13;0;20602826;20605661
14;0;32066243;32070119
15;0;26347928;26351944
16;0;21620630;21623595
17;0;22938631;22941560
18;0;73716789;73721787
19;0;92895212;92899739
20;0;33827673;33831477
21;0;24142911;24146299
22;0;27764392;27767987
23;0;50843699;50849402
24;0;65715069;65719966
25;0;25247563;25250685
26;0;34283517;34287028
27;0;21708431;21711186
28;0;121882054;121886725
29;0;124810787;124814715
30;0;32411625;32414811
31;0;35883680;35886863
32;0;62216079;62220707
33;0;32021930;32025104
34;0;108724869;108733979
35;0;48580310;48584418
36;0;73881964;73886512
37;0;40452640;40457348
38;0;22638480;22641685
39;0;136984743;136988604
40;0;54711846;54716076
41;0;20881522;20884186
42;0;22746647;22749569
43;0;171554372;171559384
44;0;24513155;24516557
45;0;55014091;55018895
46;0;33795509;33799523
47;0;48105950;48109787
48;0;93957840;93962355
49;0;1957383848;1957389084
