0;0;365999152;366003754
1;0;43189538;43193483
2;0;34001252;34005014
3;297;24312197;240129218
4;0;81141532;81144523
5;0;57769880;57772296
6;0;11333102;11334648
7;0;25020963;25022657
8;1;6416843;79206832
9;0;14150631;14152973
10;0;253958872;253961627
11;0;12056998;12058094
12;0;31931581;31933019
13;0;17002581;17003746
14;0;8907563;8908763
15;0;41844878;41846883
16;0;12464837;12466028
17;1627;3188240;140698927
18;0;29791715;29793660
19;0;18191270;18193374
20;0;20914470;20916451
21;0;10635350;10636508
22;0;10968057;10969384
23;9;6402033;17267076
24;0;19810681;19812288
25;0;8742092;8743141
26;0;24579049;24581207
27;0;7900657;7901904
28;0;12189480;12190902
29;0;10451491;10452705
30;3;5961688;13170036
31;0;25386284;25388317
32;0;8444146;8445400
33;0;44983513;44985402
34;0;11639536;11641143
35;0;16806756;16808730
36;0;14486832;14488540
37;0;8076921;8078398
38;0;8536261;8537461
39;0;7863264;7864405
40;0;11461070;11462333
41;0;9294663;9296004
42;1282;2731343;38191004
43;0;41943763;41945589
44;0;438583528;438585980
45;0;194249315;194251162
46;7;38871043;160525043
47;0;18136518;18138068
48;0;136813431;136815556
49;0;10242860;10243837
