0;0;1071463351;1071468325
1;0;23187938;23190792
2;0;11851653;11854787
3;0;185359892;185364888
4;0;14073118;14076174
0;0;130127867;130132874
1;0;3210166;3212456
2;0;1980094;1982336
3;0;83463716;83468264
4;0;4172760;4175283
0;0;90332760;90337324
1;0;2969528;2971836
2;0;1791637;1793526
3;0;49566855;49571753
4;0;3284489;3286551
0;0;77145945;77150961
1;0;2742422;2744779
2;0;1675738;1677853
3;0;57021404;57026752
4;0;3117281;3119559
0;0;65359148;65363560
1;0;2442912;2445197
2;0;1570382;1572469
3;0;40335939;40339815
4;0;3110244;3112421
