0;0;370978154;370983448
1;0;26664000;26667626
2;0;28521559;28526331
3;0;19182967;19186263
4;0;40989335;40993817
5;0;227202391;227207073
6;0;22790625;22795088
7;0;21287991;21292753
8;0;10873370;10876800
9;0;21613525;21617504
10;0;9022544;9025005
11;0;38006409;38011042
12;0;16820246;16825049
13;0;14205236;14209596
14;0;8938241;8941340
15;0;19634114;19638843
16;0;14594914;14598971
17;0;6735691;6738302
18;0;7115162;7117854
19;0;10297753;10300967
20;0;6301891;6304667
21;0;28528775;28533693
22;0;4951035;4953543
23;0;52360298;52365070
24;0;11757892;11760546
25;0;11501675;11504249
26;0;16988296;16990913
27;0;5626660;5629140
28;0;19028341;19031247
29;0;7010815;7013297
30;0;21865338;21868328
31;0;8674092;8676699
32;0;8698756;8701180
33;0;24653354;24657557
34;0;22731516;22734846
35;0;12263022;12265662
36;0;10753594;10756244
37;0;14603809;14606743
38;0;9088022;9090380
39;0;9864841;9867333
40;0;20031071;20035652
41;0;5974032;5976362
42;0;6182707;6185249
43;0;6208781;6211204
44;0;11618306;11620950
45;0;9744641;9747107
46;0;41067568;41071900
47;0;6977343;6979639
48;0;8512068;8514355
49;0;12814485;12817014
