0;0;354537052;354541787
1;0;41591906;41597174
2;0;114197486;114202453
3;0;84584360;84590158
4;0;30619545;30625627
5;0;19945404;19950234
6;0;21469325;21474315
7;0;14286563;14291127
8;0;21760812;21765341
9;0;37879100;37883627
10;0;17000529;17004465
11;0;59868842;59875489
12;0;11698880;11703212
13;0;12054276;12059584
14;0;22344722;22349962
15;0;33772256;33777792
16;0;52617274;52623001
17;0;12606794;12611185
18;0;17746616;17750778
19;0;20418271;20422706
20;0;14256283;14259462
21;0;11337964;11340995
22;0;10037771;10040575
23;0;29466846;29471258
24;0;6996748;6999230
25;0;11050956;11053488
26;0;8181327;8183724
27;0;34727714;34732510
28;0;7115750;7118254
29;0;7913060;7915596
30;0;19276967;19279765
31;0;15986364;15988920
32;0;9458075;9460579
33;0;6265719;6268108
34;0;9309720;9312289
35;0;14023097;14025741
36;0;14073480;14076758
37;0;10978643;10981177
38;0;9044328;9046918
39;0;7955430;7957776
40;0;13019485;13022358
41;0;13757117;13759644
42;0;15598020;15601135
43;0;8325004;8327411
44;0;35641862;35645954
45;0;17000305;17004449
46;0;10432139;10434739
47;0;37551019;37554981
48;0;8703003;8705678
49;0;13485954;13488825
