0;0;472611261;472617083
1;0;182199331;182205036
2;0;769219274;769225062
3;0;4878554034;4878559938
4;0;94757297;94761939
5;0;791050875;791056565
6;0;2993388351;2993393741
7;0;426084095;426089319
8;0;150497449;150502575
9;0;33616398;33621146
10;0;260977864;260983407
11;0;88731529;88737040
12;0;29591111;29596104
13;0;51391675;51396280
14;0;647620479;647625562
15;0;90891382;90896635
16;0;1820919453;1820925503
17;0;1618049206;1618054355
18;0;1070080286;1070086435
19;0;1286792101;1286798174
20;0;1063176056;1063181906
21;0;1114731580;1114737150
22;0;1494262423;1494269193
23;0;735358891;735364828
24;0;514696096;514701253
25;0;135310011;135315559
26;0;225850373;225855296
27;0;1871189333;1871195866
28;0;112862068;112867425
29;0;92311913;92316836
30;0;880934267;880940535
31;0;31977475;31981868
32;0;2385280259;2385285776
33;0;1482077109;1482082612
34;0;1600767058;1600773138
35;0;576352061;576357249
36;0;1106478723;1106484344
37;0;46059660;46064326
38;0;547091766;547097520
39;0;1428801462;1428807379
40;0;50919397;50924211
41;0;59568979;59573257
42;0;36809833;36815132
43;0;2799927009;2799933249
44;0;794557599;794563222
45;0;60256440;60261020
46;0;42512368;42517142
47;0;655525552;655531586
48;0;1336756737;1336762053
49;0;115981106;115985878
