0;0;440211457;440216335
1;0;898555309;898561246
2;0;635778133;635783921
3;0;520103420;520108672
4;5;69625903;172352708
5;0;274713684;274718762
6;0;1062807198;1062812745
7;0;287903785;287908783
8;0;125782057;125787346
9;0;379909015;379914295
10;0;81032133;81036641
11;0;72985016;72989642
12;0;1734897554;1734903838
13;0;86364983;86369630
14;0;24697205100;24697211417
15;0;1030654148;1030659524
16;0;55050509;55055619
17;8;21208875;55590636
18;0;30899853;30904397
19;0;1039697618;1039702680
20;0;218517690;218522784
21;37;35515266;1791891723
22;0;545368935;545373991
23;0;17604193626;17604199023
24;3;239654681;1385671236
25;1236;18891143;1371651753
26;10243;11936311;2431831970
27;0;184675272;184677069
28;983;14661714;2337164330
29;0;252902680;252904613
30;0;164580914;164583230
31;0;581649984;581652043
32;0;55047065;55048853
33;69371;2405953;1785806920
34;0;854190307;854216436
35;0;3440170454;3440171409
36;0;53973530;53974325
37;311;232548684;3914181626
38;0;40586430;40587388
39;1458;25998463;6998870473
40;0;338247308;338248169
41;0;164642065;164642919
42;66825;24586600;1176387705
43;0;78566984;78576189
44;783;12842592;647607232
45;0;300070897;300071984
46;139;107583009;1236805634
47;171;13486903;333581294
48;1;109936409;140004006
49;380;11670841;692081910
