0;0;1170349263;1170354362
1;0;8463333;8465983
2;0;216255789;216260521
3;0;10379227;10382030
4;0;92907153;92912400
0;0;74407632;74412243
1;0;6284787;6287201
2;0;62151433;62156184
3;0;2372510;2375039
4;0;73391647;73396404
0;0;83206204;83211710
1;0;2646666;2648887
2;0;60909610;60914593
3;0;2183001;2185222
4;0;72401803;72406215
0;0;81366691;81372016
1;0;2512475;2514764
2;0;60320057;60324471
3;0;2108294;2110593
4;0;79955005;79959857
0;0;71001942;71005942
1;0;2429924;2432133
2;0;71478856;71482969
3;0;2061306;2063661
4;0;95116180;95120457
