0;0;455853181;455857835
1;0;134053275;134059001
2;243;12314542;123005323
3;0;783966835;783970175
4;0;30754918;30757339
5;0;101724837;101727698
6;0;153913210;153940712
7;0;159205119;159207475
8;0;53716148;53717939
9;0;71154012;71155828
10;0;314920289;314922564
11;0;77760397;77762105
12;0;71100536;71102192
13;52;2630422;69985030
14;0;190732830;190734390
15;0;49130233;49131833
16;0;30757008;30759328
17;0;28424197;28426044
18;0;126545276;126547846
19;0;32343647;32345183
20;1;25988847;40514799
21;0;30606274;30608215
22;0;85047155;85049691
23;0;48666388;48668021
24;0;407909752;407911562
25;0;1572485085;1572487869
26;0;47317839;47319796
27;0;37192827;37194081
28;0;37680300;37681830
29;0;241255538;241257371
30;0;36725068;36726708
31;0;38688985;38690982
32;0;56777559;56779596
33;0;53379518;53389725
34;0;269699006;269701279
35;0;178176635;178178271
36;0;28530843;28533295
37;0;28124860;28126507
38;0;57018337;57020566
39;0;29085642;29087515
40;0;30478374;30480605
41;114;1777313;55438350
42;0;167883553;167885701
43;0;64753664;64763544
44;0;31493653;31495152
45;0;69426451;69428635
46;0;55595589;55597370
47;0;44148665;44150354
48;0;74890527;74892416
49;0;99008461;99010393
