0;0;468256040;468261174
1;0;121709316;121714464
2;0;104283751;104288941
3;0;129839670;129844058
4;0;111869664;111874789
5;0;35353912;35358907
6;0;80133254;80138233
7;0;35587223;35591915
8;0;25802905;25806945
9;0;52714688;52719246
10;0;40487777;40492457
11;0;46020206;46025258
12;0;57954475;57959664
13;0;316545209;316550695
14;0;32288096;32292576
15;0;45002770;45007321
16;0;32343955;32348138
17;0;48304276;48309864
18;0;36995426;37000517
19;0;27341950;27346590
20;0;44946611;44951411
21;0;29822291;29826721
22;0;33757628;33761967
23;0;41170670;41175779
24;0;35423041;35427589
25;0;35762341;35766492
26;0;59160906;59165704
27;0;45693558;45698256
28;0;72395806;72400741
29;0;108604852;108609761
30;0;102368608;102373629
31;0;43004766;43008912
32;0;59630684;59634969
33;0;27465916;27469490
34;0;28979166;28983491
35;0;59497432;59501778
36;0;268300179;268306469
37;0;71511650;71516415
38;0;32026865;32031126
39;0;61494205;61499109
40;0;35725593;35729692
41;0;51338132;51342518
42;0;70266254;70271362
43;294;11532889;810492518
44;0;46740403;46742441
45;0;29008870;29010381
46;0;73157135;73158813
47;0;28194003;28195600
48;0;31023697;31025234
49;0;82286006;82287715
