0;0;898176339;898182089
1;0;162560355;162565200
2;0;53347116;53351918
3;0;81697907;81702352
4;0;49385242;49389672
5;0;52949927;52954724
6;5;14483389;67460015
7;52;17004077;178334076
8;0;45521686;45525782
9;588;3118113;193752899
10;0;47806220;47808566
11;46004;14184622;1383041169
12;32350;2814416;727128174
13;0;513070941;513100315
14;79633;3126187;13802299982
15;8;146929468;150368748
16;0;35189046;35197224
17;0;37704376;37705166
18;0;1501823109;1501823740
19;0;120161174;120161922
20;0;87044965;87045815
21;7;7236147;29846370
22;0;103114975;103115980
23;0;34501894;34502654
24;0;50089992;50090561
25;0;117601733;117602813
26;0;117014410;117015257
27;0;143570152;143570822
28;0;55964933;55965657
29;71;2261089;92524275
30;11;25649995;495418307
31;0;58994377;58995317
32;26;2704920;41413362
33;0;261074140;261074808
34;334;2355659;351711567
35;0;49455464;49456179
36;14;5594454;54678222
37;1957;2033129;534981063
38;858;2088284;174086869
39;0;68973677;68974540
40;0;43331825;43332632
41;1;474453212;476461671
42;0;290012491;290013136
43;0;29860434;29861180
44;0;306582191;306582938
45;1;535203514;1610826129
46;0;36320012;36320832
47;0;40905934;40906664
48;0;29736199;29737183
49;16;8237147;92949359
