0;0;364815442;364820918
1;0;95545899;95550511
2;0;78170181;78175078
3;0;24522588;24526746
4;0;62343305;62347893
5;0;78567528;78572166
6;0;20651026;20655177
7;0;15110911;15114748
8;0;19595400;19599683
9;0;27385545;27389907
10;0;17688658;17692418
11;0;12406065;12409329
12;0;18980202;18984009
13;0;11503746;11506701
14;0;23003592;23007766
15;0;22623436;22627781
16;0;15081341;15086280
17;0;9807078;9811074
18;0;58693884;58698837
19;0;64601112;64605733
20;0;15959172;15961995
21;0;30793678;30797628
22;0;10036737;10039236
23;0;63258772;63263732
24;0;8631668;8633995
25;0;21214572;21218299
26;0;19613709;19616283
27;0;16943320;16946548
28;0;23094536;23097275
29;0;23703282;23706736
30;0;33562095;33565140
31;0;39855502;39858563
32;0;7989907;7992406
33;0;9316644;9319039
34;0;11125492;11127956
35;0;13980273;13982767
36;0;8142361;8144719
37;0;8561984;8564436
38;0;11581793;11584338
39;0;10475350;10477837
40;0;18538561;18541130
41;0;11133514;11135773
42;0;14348373;14350914
43;0;18787573;18790331
44;0;10035804;10038345
45;0;8240470;8242750
46;0;9709497;9711965
47;0;139327895;139332622
48;0;11987702;11990257
49;0;12200796;12203161
