0;0;414617334;414622353
1;0;248191070;248196181
2;0;384978212;384983758
3;0;34830567;34835282
4;0;53465414;53469864
5;0;22270465;22275124
6;0;73937852;73944009
7;0;203456693;203461705
8;0;70511719;70516375
9;0;26118404;26122462
10;0;234211754;234216815
11;0;34666212;34671182
12;0;95034558;95039692
13;0;50707704;50712490
14;0;66965434;66969787
15;0;55466478;55470663
16;0;63550965;63555746
17;0;68443224;68448636
18;0;65179154;65184260
19;0;75498040;75504530
20;0;39749996;39754349
21;0;72811180;72815947
22;0;142304412;142309169
23;0;75498090;75503111
24;0;81386478;81390824
25;0;30138568;30143349
26;0;67700097;67705459
27;0;143309794;143314371
28;0;89746713;89752873
29;0;26251670;26255454
30;0;27400250;27404088
31;0;82713450;82718092
32;0;43448718;43453603
33;0;77026946;77032236
34;0;241163098;241167505
35;0;141079200;141083913
36;0;29142451;29145802
37;0;36861151;36865008
38;0;70554784;70559469
39;0;54269399;54273841
40;0;118957706;118963103
41;0;455348566;455354169
42;0;134952473;134957970
43;0;37879666;37885219
44;0;29355212;29359614
45;0;308284866;308289553
46;0;41433252;41438353
47;0;83135555;83140254
48;0;34496267;34500698
49;0;38295697;38300325
