0;0;9848980957;9848987481
1;0;684732756;684736849
2;0;3105697243;3105702960
3;0;810816016;810823076
4;0;606645200;606649134
0;0;19642132;19645392
1;0;5535481;5538418
2;0;40948636;40953656
3;0;6550756;6553806
4;0;4129992;4133315
0;0;14063525;14066445
1;0;3990313;3992982
2;0;10239771;10242381
3;0;4610324;4612795
4;0;2869563;2871963
0;0;9947051;9949481
1;0;3283121;3285231
2;0;8327157;8329350
3;0;3918190;3920510
4;0;2398948;2401247
0;0;9283946;9286233
1;0;3063798;3065956
2;0;8321730;8323867
3;0;3809402;3811663
4;0;2242743;2244792
