0;0;timeout;timeout
1;0;13074759331;13074785495
2;0;3283403959;3283408682
3;0;4428272466;4428277926
4;0;69839808;69843722
0;0;46998375596;46998381022
1;0;28668079;28672168
2;0;8614751;8617646
3;0;10210545;10213312
4;0;5840884;5843312
0;0;1138517556;1138522680
1;0;21102094;21105207
2;0;6654893;6657084
3;0;8441671;8444015
4;0;1551680;1553704
0;0;1113045018;1113049467
1;0;20566655;20570139
2;0;6704820;6707041
3;0;8482777;8485054
4;0;1566462;1568368
0;0;1145885644;1145890769
1;0;20140061;20143273
2;0;6486384;6488636
3;0;8388318;8390466
4;0;1441808;1443789
