0;0;470660547;470665223
1;0;3100009;3102665
2;0;194224495;194228721
3;0;532913620;532917944
4;0;8185658;8188862
0;0;2994384;2996888
1;0;4364190;4367098
2;0;11185180;11188465
3;0;169407393;169412292
4;0;3904129;3906661
0;0;2794700;2797170
1;0;2000703;2003292
2;0;9598142;9601001
3;0;134451151;134456511
4;0;3490533;3492994
0;0;2402658;2404983
1;0;1786536;1788807
2;0;7659505;7662328
3;0;108287953;108293063
4;0;3169663;3172049
0;0;2293806;2296380
1;0;1704540;1706898
2;0;7452461;7454934
3;0;114776639;114781846
4;0;3076375;3078550
