0;0;445517930;445522812
1;0;313103024;313108908
2;0;58138565;58143635
3;0;981174193;981179973
4;0;66645374;66649791
5;0;53760340;53765143
6;0;127852136;127856783
7;0;196120096;196126266
8;0;73068666;73074499
9;0;31667680;31672473
10;0;83088952;83093435
11;0;82414464;82419761
12;0;26504253;26508331
13;0;50658736;50663670
14;0;35130915;35135313
15;0;41159285;41164043
16;0;49515655;49520744
17;0;51133513;51138910
18;0;43184327;43189417
19;0;43774600;43779470
20;0;204245783;204251509
21;0;112128306;112133190
22;0;43646855;43652116
23;0;118575488;118581598
24;0;112302089;112307456
25;0;39354743;39359089
26;0;26782173;26785700
27;0;40951307;40956350
28;0;33592601;33596879
29;0;52373391;52377633
30;0;43772150;43776470
31;0;25308624;25312434
32;0;35069000;35073162
33;0;83905516;83910047
34;0;48630323;48634458
35;0;47570487;47575843
36;0;143347424;143353257
37;0;48760992;48765225
38;0;43502007;43507268
39;0;84991031;84996325
40;0;31913181;31918045
41;0;49186544;49191000
42;0;36611194;36615947
43;0;169757977;169762638
44;0;34514879;34518865
45;0;52088540;52092544
46;0;28159087;28163049
47;0;332415131;332420674
48;0;51635474;51640167
49;0;23962491;23966025
0;0;23710785;23714456
1;0;24704968;24708460
2;0;21680406;21684046
3;0;34365839;34369780
4;0;49542759;49547084
5;0;31208068;31212073
6;0;39734682;39738699
7;0;117278320;117282722
8;0;34570975;34574112
9;0;30735501;30738840
10;0;36366593;36370264
11;0;99657578;99661910
12;0;33137598;33141323
13;0;50683832;50695347
14;0;37619241;37622829
15;0;47268374;47271970
16;0;34682566;34685729
17;0;42780452;42784593
18;0;36021116;36025158
19;0;34502140;34505870
20;0;41295502;41299885
21;0;43083403;43088062
22;0;27840787;27844587
23;0;71253833;71257998
24;0;30609670;30612830
25;0;26968468;26972195
26;0;23484427;23488006
27;0;25844825;25848272
28;0;29090235;29093741
29;0;51715156;51719514
30;0;35987238;35991414
31;0;24563331;24567058
32;0;30151019;30154862
33;0;34962496;34966555
34;0;27346005;27350048
35;0;24124503;24127802
36;0;59746406;59750670
37;0;36095322;36100028
38;0;28876987;28880773
39;0;71632060;71636180
40;0;31771815;31775971
41;0;46007706;46012595
42;0;36499203;36504278
43;0;102404709;102408805
44;0;28856413;28860319
45;0;46822451;46827035
46;0;27931958;27936075
47;0;26400571;26404679
48;0;37325359;37329149
49;0;22743714;22747211
0;0;23578274;23582102
1;0;24384342;24387074
2;0;21574592;21577522
3;0;33821952;33825517
4;0;48925843;48929885
5;0;30662836;30665914
6;0;41489737;41493650
7;0;97722750;97726642
8;0;25247010;25251372
9;0;21944113;21947365
10;0;26524048;26527521
11;0;70909350;70914209
12;0;23802924;23805929
13;0;36163828;36167890
14;0;26958654;26962503
15;0;33958252;33961593
16;0;26173078;26176612
17;0;31378078;31382210
18;0;35783194;35787620
19;0;34711519;34715279
20;0;41210550;41214917
21;0;43017205;43020941
22;0;27920467;27924628
23;0;74305234;74309331
24;0;30564342;30568295
25;0;26732437;26736359
26;0;23108979;23112212
27;0;26455920;26463382
28;0;29189386;29193231
29;0;51448495;51452318
30;0;35417076;35421695
31;0;24567902;24570761
32;0;29727303;29731106
33;0;34646806;34650561
34;0;27296057;27299767
35;0;23977729;23980510
36;0;59534521;59539062
37;0;35717408;35721168
38;0;26760516;26764229
39;0;71197710;71201981
40;0;31453269;31456970
41;0;45727173;45731637
42;0;37857368;37861604
43;0;102362789;102367121
44;0;28619477;28623366
45;0;46425378;46429225
46;0;27640773;27644467
47;0;26237312;26240716
48;0;36997835;37002193
49;0;22628016;22631540
0;0;23446834;23449704
1;0;24180695;24183857
2;0;21168678;21171457
3;0;33477504;33481398
4;0;49368593;49373008
5;0;30475392;30478858
6;0;39441704;39446041
7;0;100820688;100824945
8;0;25159203;25162497
9;0;22017318;22020332
10;0;26735279;26739324
11;0;70556443;70560241
12;0;23538034;23541653
13;0;36166342;36170688
14;0;26747072;26750620
15;0;33698216;33701773
16;0;26091077;26094014
17;0;31124791;31128704
18;0;35695947;35700058
19;0;34074934;34079659
20;0;41128026;41132553
21;0;42841106;42845214
22;0;27969519;27972922
23;0;71335760;71339814
24;0;31790936;31794719
25;0;26693173;26696149
26;0;22968212;22970769
27;0;25355072;25358521
28;0;28884198;28888308
29;0;51633177;51636846
30;0;35342262;35346401
31;0;24506559;24509371
32;0;29930638;29934031
33;0;34653272;34657622
34;0;27116958;27120440
35;0;23967866;23971386
36;0;59431702;59435721
37;0;35761501;35765465
38;0;26716627;26719745
39;0;71012515;71016271
40;0;37978950;37983751
41;0;52430826;52442414
42;0;36438137;36455116
43;0;102348043;102351040
44;0;28679466;28681840
45;0;46604992;46608164
46;0;27654283;27656975
47;0;26034953;26037047
48;0;37023004;37025983
49;0;22523119;22524963
0;0;23398274;23400450
1;0;24168961;24170926
2;0;21245275;21246873
3;0;33664270;33666486
4;0;48957866;48960725
5;0;31938966;31941876
6;0;39423717;39426312
7;0;97816503;97819578
8;0;25154169;25156557
9;0;21853423;21855595
10;0;26566922;26569731
11;0;70676930;70679728
12;0;23700397;23703075
13;0;36236457;36239367
14;0;27017922;27020527
15;0;33814027;33816837
16;0;25920133;25922966
17;0;31103483;31106196
18;0;35527102;35529784
19;0;37143967;37146758
20;0;41061485;41064416
21;0;42896983;42899875
22;0;27520808;27522966
23;0;71270685;71273431
24;0;30527549;30530222
25;0;26833120;26835675
26;0;22886343;22888336
27;0;25189713;25192042
28;0;28810699;28814043
29;0;51624621;51627035
30;0;35416217;35418977
31;0;24526237;24529385
32;0;29748766;29751674
33;0;34572460;34575220
34;0;28869645;28872807
35;0;23943076;23945080
36;0;59843872;59846641
37;0;35748698;35752338
38;0;26573943;26575917
39;0;71346939;71349497
40;0;31349318;31351779
41;0;45538587;45541467
42;0;36182829;36185897
43;0;102368848;102372140
44;0;28598623;28601430
45;0;49338654;49342259
46;0;27577836;27580453
47;0;26213596;26216078
48;0;36986611;36989338
49;0;22453049;22454900
