0;0;1045600098;1045605520
1;0;2356736;2359103
2;45336;14341031;341238106
3;30322;3494688;120842325
4;3;7798263;20450125
0;0;93401987;93402837
1;0;3943388;3944006
2;45336;1539944;138041165
3;30322;2472435;103106026
4;3;1766971;3423057
0;0;70075336;70103621
1;0;5026446;5027178
2;45336;1315974;129023615
3;30322;2157645;99692741
4;3;1753103;3391386
0;0;70175715;70176856
1;0;1700286;1701016
2;45336;1249256;138979517
3;30322;2346144;141217481
4;3;2030281;4118403
0;0;74233744;74234810
1;0;1627488;1628232
2;45336;1189148;114702827
3;30322;1939242;99076457
4;3;1596714;3232177
