0;0;715571676;715578336
1;0;25880509;25885849
2;0;28850786;28855106
3;0;42257788;42262428
4;0;28780054;28784680
5;0;13556122;13559428
6;0;16203890;16208132
7;0;17630907;17634950
8;0;11760436;11763845
9;0;14333952;14338090
10;0;12794532;12798059
11;0;19797879;19801912
12;0;11661798;11664883
13;0;14395865;14398409
14;0;14807156;14809742
15;0;14618343;14621051
16;0;10524282;10526898
17;0;5416690;5419144
18;0;10847055;10849584
19;0;183438390;183443346
20;0;54813570;54818622
21;0;16396057;16398667
22;0;10817860;10820521
23;0;14760943;14763790
24;0;10742589;10745196
25;0;116113452;116118784
26;0;12909326;12911961
27;0;11289307;11291794
28;0;11507901;11510357
29;0;28775326;28778960
30;0;34742594;34746737
31;0;19248341;19251017
32;0;13695101;13697685
33;0;12172477;12175015
34;0;5761394;5763728
35;0;10160143;10162651
36;0;14224172;14227118
37;0;259053808;259058907
38;0;9482405;9485728
39;0;12793503;12796608
40;0;16136874;16139819
41;0;28477220;28481764
42;0;11222493;11224978
43;0;9076627;9079639
44;0;8505480;8507948
45;0;6175952;6178494
46;0;8947096;8949776
47;0;20768471;20772533
48;0;8123705;8126305
49;0;9103559;9106147
